403, 3, 6, 1, 0, 6, 4, 0, 0, 3, -1, 3, -2, 6, -3, 0, 1, -3, 0, -2, 6, 3, 5, -1, 0, 3, 1, 3, 4, -3, 6, -3, -1, 2, -3, 5, 2, 1, 1, 4, -3, 1, 5, -2, -2, -3, 4, 3, -2, 3, 4, 1, 2, 6, -1, 4, -1, 0, -1, -1, 3, -2, 2, 2, 1, -1, 2, 0, 0, -1
0, 404, 1, 4, 5, 3, 1, 4, 6, 6, 3, -2, 2, 1, 5, 1, -1, -2, 6, 2, 6, 2, 0, -1, -3, 4, 0, 2, -2, -3, 5, 2, 3, 4, -3, 3, 6, 0, 3, 4, -3, -2, 6, -3, 3, 4, 0, 3, 5, 0, 0, -2, 4, 5, 2, -2, 5, -2, 3, -1, -3, -2, 3, 0, 5, 1, 6, -1, -3, 4
0.014888337, -0.00011055695, 403.9108, 2.985554, 4.0005527, 1.9110016, -2.0594428, 5.000442, -2.9993367, -1.0440016, 0.015220008, 4.955114, 5.029998, 2.9107807, -0.9547822, 1.0001105, 1.9850012, 6.0444436, 3.0006633, 5.029998, -0.08866668, 2.955556, -2.0744417, -1.9852222, 3.9996684, 4.955777, -3.0148883, 4.9555564, 1.9402255, 5.044333, 0.91122276, 2.044886, 3.01522, 4.9706655, -2.9556665, 0.92589, 0.97088665, -1.0148883, 2.9854434, 1.9408889, -0.95566666, 5.9848905, 5.9262214, 4.0294447, 3.0301082, 2.0451074, 3.9404466, -0.04433334, 4.030329, -0.04466501, 4.940447, -3.0151093, 2.9706657, -2.088777, 4.0151095, 1.9402255, -1.9845589, 4.9997787, 4.01522, -2.9852223, -1.0449966, -1.9704444, -2.029445, 3.9702234, -0.014335552, 3.014999, 0.97088665, -2.0001106, -2.0003316, 3.0153306
-0.0074441684, 5.5278477e-05, 0.012489415, 400.96994, -2.050241, 2.0206318, 3.0554426, 2.9373264, 1.0371282, -1.9649601, 3.9922, 5.960557, -1.0778205, 6.0082555, -3.010684, 2.987454, 5.982708, -2.0977135, 3.9621918, 2.9221795, -2.954559, 2.9853086, 2.0631294, 4.0174055, 3.9502125, 5.9602165, -1.9549017, -0.039670054, 2.0056548, -1.0851675, 4.0330076, -2.0479825, -3.0452683, -0.04741348, -1.9852519, -1.9745088, 1.0024308, -1.9798805, 1.9699918, 4.005315, 2.9897692, -2.067193, 5.962874, 4.9349523, -0.05289845, -1.0480958, -1.0194372, 1.0227205, 3.934499, -1.9771097, -3.0319266, -1.9547884, -0.022434654, 2.0704763, -0.057701092, 3.0056548, -2.9829345, 1.9376663, 3.9422421, 4.029895, 3.0355499, 4.009832, 2.0400689, -3.0346975, 4.0073466, -1.045155, -1.9975692, -1.9749645, -0.9748512, -1.045325
0.0024813896, -1.8426159e-05, -0.0025126087, 1.2703805e-05, 401.01016, 5.989943, 4.98488, 3.0126004, 2.9925613, 0.99006826, -0.9974758, -0.9951064, -0.98234826, 2.9923675, 6.0051756, 5.0024934, 6.002412, -0.9773787, -1.9924003, 4.017601, 3.985037, 3.9999812, 5.9823546, 0.99742377, -1.9900559, -2.9949944, 3.989968, 2.0050445, -1.0051129, 5.020077, 2.987442, 3.012645, -0.9898486, -2.992399, 1.9999877, 4.9900002, -2.0024252, 3.9949934, 3.0050502, 5.994974, 2.0049498, 3.0125456, -2.997482, 2.014969, -0.9873678, 0.012669743, -1.0000118, 5.9924865, 1.0151316, -2.0075314, 6.0025268, -3.0100694, 5.0025754, 5.9799294, 2.0126076, -2.0051258, 1.997625, 0.012501019, -0.98742473, 0.99491096, 5.989836, -1.0000759, 4.9899673, 4.0050516, -2.0024765, -1.9899114, 5.9976125, 1.994981, -3.005069, 0.01014472
0.009925558, -7.3704636e-05, -0.0026230537, -0.004992393, 0.0024952644, 403.94083, 1.9577849, 1.0205584, 5.9902854, -1.0443532, 2.032606, 2.0153139, 1.0302628, 0.97068435, -1.0023743, 5.0051293, 0.0100979265, 2.0374503, -1.9669343, -0.96224385, 5.915962, 3.9830463, 3.940303, -2.9777877, -2.9650428, -2.9792533, 0.96245056, 2.978168, -3.0222392, 5.024843, -0.044114735, -1.9824537, 1.0053226, 1.0007122, -0.99309903, 1.930713, 4.993139, -2.0324407, 3.000463, 4.970721, -1.963028, -2.0122116, -2.9963923, 3.049809, 3.03022, -1.9698281, 5.9680395, -2.039519, 1.0479008, 3.9652452, 2.9431424, 0.97977006, 0.9756412, 2.9307516, -0.98470527, 5.9852486, -2.0147882, 3.0226097, 4.042824, 1.0196579, -1.0325305, 0.037049234, -1.0272197, 4.965419, 4.0154085, 6.017655, 4.9581995, 2.9798422, 0.9971635, -0.9871143
-0.0074441684, 0.014906764, 0.0075010583, 0.007295864, 0.012245116, 0.0071731317, 407.93298, 3.8372238, 1.8458776, 4.9504266, 0.91622895, -1.0307809, 4.930071, 1.9204844, -1.1340829, 4.8586364, -1.1097605, -2.0252008, -3.10235, -1.1460457, -1.1137877, 0.8710177, 2.9362104, 2.0021899, 0.03153544, -3.0599084, -1.0114397, 5.9097223, -1.9356098, -2.1050482, 2.8976068, 4.924787, 5.9523454, -3.0522141, 0.041676093, 1.9250089, 2.899555, -3.0048385, 4.8676376, 2.8173037, -0.0027264366, -2.0150084, 5.918021, -3.082948, 1.9084026, -2.0756786, 0.9770927, -2.0882657, 1.8316934, -2.9667687, 0.9202254, 5.1039667, -1.1351137, -0.12355429, -1.0845355, -2.9952724, 0.94466263, 2.9563382, 0.8720466, -2.0190437, 1.9868046, 2.012431, -3.0832272, -0.077411726, 4.8994985, 3.94386, 4.8237314, -2.0014846, -1.9035181, -0.07510636
-0.004962779, -0.0073888903, 9.2014285e-05, 0.015049119, 0.00016815201, -0.004900838, 0.0024273705, 401.98007, -0.94662493, -0.9284125, -2.0349712, 1.9224994, 6.0138564, 4.9460716, -1.9357173, -2.025767, -2.090909, 3.0164118, -3.0173445, 3.9578032, 3.1496081, -2.9987986, -2.994866, -2.0922487, -2.096255, 5.947623, 5.041161, 0.02972042, -0.03523258, 0.0077031907, 4.9981923, 3.0083451, 2.0533996, 4.052553, 0.9877888, 4.08056, 4.056853, 2.031513, -3.000408, 6.0054655, -0.091911465, 0.01526682, -1.0496801, 0.9153617, 3.0231426, -0.9743655, 0.06187495, 2.015734, 3.9679558, 1.0716182, -1.9237949, -1.9872009, 4.046241, 2.0494115, 4.007782, 5.9966035, -2.9354482, 3.9632368, 4.9753695, -2.0629923, 2.936245, 1.9105983, 2.0031888, 2.079079, -0.010275801, 3.0381303, 6.095813, 6.0416427, 0.0027008276, 1.0353895
-0.0074441684, 0.005005773, 0.014952953, -0.0076245666, -0.005237975, 0.01249652, -0.002254029, 0.002336626, 406.9699, -1.9755088, 4.9839444, 2.9664848, -3.1292908, 0.038260292, 4.9899087, 4.982159, 5.0620823, 1.8391088, -0.030492108, -3.0565953, 5.9305034, 3.9710367, 4.0796824, -1.8902842, 6.0169272, 2.9743977, 5.0324335, 2.9244552, 3.05429, -0.13227764, 0.047812417, -1.033911, -2.0998957, 5.875649, 4.0424166, 5.9901185, -3.0978498, 1.0423282, 2.9590337, 2.972873, 2.065012, -2.0514498, 6.0015726, 0.94085824, -0.12141942, -2.058647, -0.114677355, 0.06323426, 4.9168954, 5.938668, 3.9340167, 6.035774, 3.9522724, -1.9437126, 3.933105, 4.927632, 6.019088, -3.0902798, 2.882204, 5.0656643, -0.88198453, 5.049531, 4.073115, 4.886279, 3.9635842, -1.1493342, -2.07881, -1.0255612, 1.0049969, -2.0707252
-0.0074441684, 0.005005773, 0.014952953, 0.0023512442, -0.0026932692, -0.0073959986, 0.012443923, -0.00033282538, 0.014844967, 400.97488, -3.1057942, 4.9258904, 3.8945014, -0.025574131, 5.9221473, 1.8884118, 3.92291, 0.91356957, 0.93392074, 4.9576726, 0.0042603435, 0.93055236, 6.0105467, 5.0009136, 1.8282219, 0.8799932, 1.0145441, -2.1512032, 4.959734, 1.9986539, 4.9691443, -1.1095884, 3.9021676, -0.12790097, 1.9793907, 1.9292008, -2.989229, 6.045598, 3.867941, -1.052968, 3.9601746, -2.018411, -2.2887688, 5.9809585, 4.9237223, 1.9710593, 5.0042624, 1.0323471, -3.1934133, -2.9993155, -0.06952675, 2.9125006, -2.0720127, -2.8851433, 3.8772228, -0.9913061, -3.107391, 4.963489, -2.1165104, 1.9921837, 5.043681, 5.913373, 1.0098313, -1.0607134, -3.1222997, 0.9530675, 6.0007195, -1.8908895, 2.055271, -3.0453517
0, 0.004950495, 0.0049393317, 0.0049017426, 0.0024077625, -0.0050715785, 0.009776535, 0.0047303555, -0.0024826543, 0.009797358, 403.02167, 4.928913, 4.855556, 0.90711254, -1.0502106, -0.055245515, 4.9462924, 2.0041606, -1.0337465, -1.1273013, -1.9837022, 1.9778483, 1.9424145, 3.914194, 2.972121, 1.9191499, -0.99165606, -1.0534879, -3.0443404, 1.0092853, 1.8430235, 4.918656, -0.11868651, -3.005331, 5.014893, -1.0541214, 0.96479, 2.9579153, -2.0952177, -3.0765016, -0.043077443, 3.0073237, -1.1117511, 2.9509237, 4.906688, 5.9656935, 5.959051, -2.0434942, -1.0542588, -0.89707977, 3.0014844, 1.9925429, -2.0193925, 3.9908354, 3.9241326, 0.04363026, 3.034681, 0.8870554, -2.0352962, 0.025273852, 3.900557, 5.9284625, -0.011165614, 3.0242496, 1.9734404, -1.0445288, 0.84605116, 4.0417867, 4.042759, -2.0140705
-0.0024813896, 0.0024936735, 0.012409657, 0.012358676, -0.005079112, 0.012351175, -0.007363058, -0.0026801827, 0.0072774617, 0.0077211536, -0.0027310166, 402.7987, -3.0183818, -1.0649785, -3.0264206, 0.8911192, 2.8693702, 1.8965379, 0.87226564, 2.9068618, -3.0636563, 1.8676995, -1.0628303, 5.0118117, 1.8803682, 5.8541064, -0.96866786, -1.0491062, -2.0849113, 0.88709253, 0.9580369, -1.8988613, -0.9930298, -0.15526082, 0.055623215, -2.0169203, -3.0257957, -2.9779277, 0.882487, -1.0896474, 4.963386, -2.9771686, 0.8837147, -2.2011242, 5.9065866, 5.99271, 1.8806636, 1.0195155, -0.11374136, 4.931778, -1.0380533, -2.987063, 5.955967, 2.0488312, -0.07928393, -0.16448951, 0.06913901, 0.9007035, -1.1538953, -3.092861, -1.9658192, -1.0768931, -3.0193167, -0.061896324, 5.9176, -2.078571, -0.005175498, -0.9403924, 4.9906225, -2.9894085
0, 0, 0.014854765, -0.007592464, 0.0122815, -0.007641247, 0.0024698395, 0.014700588, 0.00017398296, 0.014919177, 0.007768783, 0.004620807, 401.75513, 1.8938402, 4.874091, 1.9696838, -3.1353185, -3.1557672, -2.9629605, 0.7573138, -1.0399301, 5.963434, 5.9393287, 0.9229527, 4.9429994, -1.1498289, -2.0871472, 4.9538016, 0.9397137, -3.1430786, -2.1934648, 5.8328347, 5.854699, 4.9431143, -2.0873933, 5.8476667, 0.040757846, 2.81341, 5.9426928, 5.914819, 3.9165883, 1.8686421, -1.9903725, -3.1318214, -3.1981366, -3.1371803, 4.8586626, 5.890518, 2.9581914, 1.060076, 3.8602002, 5.04483, 5.863431, -2.0312111, 0.7627893, 4.997957, 6.0291395, 5.813254, 5.99023, 2.0893197, 1.8127317, -0.09095878, 2.9529335, 4.8681297, 4.077182, -0.033003543, 0.7373995, 4.9304476, -0.013804877, 4.999824
0, 0.004950495, -0.007439639, 0.0024999618, 2.5275458e-05, 0.0074123796, -0.007458451, 0.005052577, -0.007569447, -0.002489387, 0.009943262, 0.0024460284, 0.009891845, 401.9588, -1.9935842, -1.9744326, 5.0297184, 2.0375354, 6.0290017, -3.0154867, 5.991257, 1.945798, 5.9574604, 4.965522, 3.0346365, 5.9741297, 3.0157015, -0.97031265, 1.0890313, -0.97516024, 0.98231405, -0.0659666, 2.981301, -3.0077631, 3.0066304, 5.9839907, -2.0943031, -3.04733, 6.0235004, 0.9329268, -1.0097536, 2.9976695, -2.8604796, 2.0112479, 5.9640837, -1.0515449, -2.1056972, 2.934074, 2.9919832, 4.9715834, 4.0030665, -0.9761924, -0.061644405, -0.12511572, -1.0079229, -2.0947697, -1.0474558, 0.94231063, 2.9369419, 2.9903986, 3.9609456, 1.9878525, 2.9509523, -2.0545936, 3.919806, 1.9990721, 5.9342966, 3.8282864, 5.941335, 4.9613943
-0.0074441684, -0.002419969, 0.005068161, -0.0049829353, 0.007435243, -0.0074075907, -0.002364854, 0.009933846, -0.00719763, -0.0049280752, -0.004751473, 0.00022820024, 0.002355591, 0.004982755, 409.00333, 2.0936308, 0.05930555, -3.0565434, -2.9818532, 1.9096471, -0.9682397, 0.07707871, -0.8958019, -0.9821619, -1.9548706, -2.0230556, -0.03540348, -0.97845995, -2.9692478, 4.9600296, -2.9594522, -3.095901, -3.0470233, 3.0120854, -3.003844, -3.024352, -0.9734992, -2.0087373, -2.9632201, -0.027912011, 1.9904542, 2.8906677, 1.1213071, 1.0213724, -2.995807, 5.9963484, -2.8911657, -2.0826077, -3.0456874, 5.034651, 6.001519, 2.1305199, 2.9303298, -2.9700403, 5.981428, -0.9478361, 2.0348973, 1.9572321, 1.9611999, -0.93149704, -3.027676, 3.0879393, 5.9839673, -0.9910919, 0.08793934, 4.995057, 0.9448454, 0.91239554, 2.0290825, 4.8885956
-0.0024813896, 0.0074441684, 0.0148731945, -0.002672769, -0.00025486053, -0.0050228634, 0.00012840959, 0.0047492473, -0.004821421, -0.007575761, 0.0024952337, 1.1811227e-05, -0.007764624, 0.012375787, 0.014917777, 406.0681, -2.0376806, 1.9144987, 5.881996, 2.9309995, 1.9453951, 2.0340436, -2.8699408, -2.9804842, 4.0333624, -0.16022544, 4.005573, 0.99882805, 0.084330834, 5.88936, -1.0004504, 4.9843183, -3.0097547, 1.9520708, 5.057733, 4.0249834, 0.9542712, 1.1268353, -0.96493846, -1.9915582, 5.0814013, -1.1846849, 4.901528, 4.9605746, 4.898312, -1.1861837, 5.1072783, 5.024189, -3.0716474, 3.89721, 4.855539, 1.1356242, -2.0710495, -0.990332, 1.8671433, -0.89954, -0.98662174, -2.0335553, 2.9061797, -1.8918349, 1.0700418, 6.0235395, -1.0702459, 0.039887972, -1.03244, 0.86201996, -1.1111032, 1.9669038, 2.9603164, -0.21326302
0.004962779, 0.012339385, 0.014750494, 0.014718414, 0.014736457, -0.0005272903, -0.005194998, -0.0054487074, 0.01208549, 0.0074438304, 0.0021867056, -0.0030126204, 0.004951854, 0.006978367, -0.0054163584, -0.0004532196, 407.67175, 0.9607003, 5.7765718, 0.8641642, 5.7791324, 2.708852, 2.7096412, -2.0835457, 0.79481024, 0.7579203, 1.9539969, 3.8480124, -2.1520941, 5.9503407, -0.21722224, 1.9480706, 4.951453, 2.8687017, 5.001316, 2.737492, 6.01431, -0.101411164, 0.70596224, -3.256655, 0.95224977, 3.915242, 0.78129923, 2.8160362, 2.9036167, -0.99649704, 4.894387, 3.7848897, -0.23950683, 0.99343866, 4.790234, 0.03942741, 4.816518, -0.13038155, -3.1407812, -2.0866494, 4.9068437, 3.936263, -1.1573045, 2.843628, 3.8365045, 5.9250546, 2.8046827, -3.1423738, 1.8729106, -1.95045, -0.15823716, -2.964894, 0.065497115, 2.941188
0.014888337, 0.009790433, 0.0022303923, 0.012318358, 0.0073997644, -0.00047575936, 0.01191778, 0.0070798635, -0.00024429255, -0.00533102, 0.0147208, -0.007815658, -0.007856502, -0.008125548, 0.009936169, 0.0046067927, 0.0046537253, 404.08713, 2.9862654, -0.07162374, 1.8738263, 5.906867, 5.949307, 2.0503058, 1.0423684, 3.9265456, -3.0422091, 1.8559324, -2.9286208, 4.932404, -2.2494078, -0.10686789, 0.04422706, 5.9567676, -0.98822415, 0.93544257, -0.24307111, 1.9809123, -2.9474442, -1.1599305, -1.9397577, 4.9362183, 0.6741014, -2.0767255, 2.9760754, 4.9308085, -3.100518, 2.9723902, -2.0416791, 3.037637, 3.8332665, 1.9809197, -3.0571885, 5.7440925, -3.1361182, 3.9691107, -0.05798878, -2.0327678, 2.9454126, 6.04625, -3.132022, -0.15923242, -1.1320591, 0.9540548, 2.9058096, 2.935713, -1.1392789, 2.9946494, 2.0959787, 5.9827576
0.0024813896, 0.0074073165, 0.014799566, 0.014773439, 0.0123040425, -0.0053694607, 0.0071511376, 0.014413511, 0.0073234183, 0.014881855, 0.0049048034, 0.0117415935, 0.009468197, 0.004277697, 0.0045577763, 0.009355344, 0.0115902005, 0.0071881823, 403.7858, 4.6491933, 1.8231173, -3.3335211, 0.71620387, -3.1593382, -1.2700148, 1.6045531, 0.8947199, 3.7761233, 1.94545, -1.2411352, -2.291237, 1.7793118, 4.811741, 3.7315948, 3.896364, 1.6702133, -3.072255, -1.1312709, 2.7637703, -1.2545997, 1.7471837, 4.8724174, 4.7123513, -2.2371705, 0.66162276, -3.1386194, -3.2476926, 4.6682353, 3.8102827, -2.102235, -2.3149893, -3.020592, -3.3259597, 2.878234, 5.7555203, -1.126022, 5.9164057, -1.2961344, -3.26074, 3.9143364, 4.7327037, -0.32673746, 1.8074111, 1.8913807, 2.7623715, 1.9368927, 3.7017846, 2.938958, 3.927704, 1.8633797
0.0024813896, 0.014833058, 0.0048780045, -0.0026844337, -0.00024733474, 0.004798219, 0.0048668003, 0.0121929785, 0.0022187699, -0.007730555, -0.00013917194, 0.0050096866, 0.012192021, 0.002191086, 0.012126892, 0.0071923374, 0.014957159, -0.0049450933, 0.0072210194, 405.85822, 1.7371413, -1.1197783, 3.9808168, 4.1617064, -1.0032696, 5.8752284, 5.887922, -3.2515519, 4.106566, 4.90545, 3.953344, 4.80404, 5.787907, 5.712924, -2.0281193, 2.7526457, 0.75508106, -1.9343861, 0.8737401, -1.1944442, 3.9341657, 4.8915243, -0.21296273, -0.96217483, 3.8875656, 5.995693, 1.8426888, -3.214428, -2.1931696, -0.18943803, 4.7610164, 5.9926, 3.663858, 4.939774, -2.1662502, 3.9334123, 5.7288504, 2.8324883, 5.778437, 4.0446663, -3.0462015, -0.10884741, -3.1913853, -3.103652, 5.742868, 5.8636694, 5.771519, 0.8787116, 2.9668384, 4.7564216
0.012406948, 0.0048583644, -0.0026721247, -0.0075413706, -0.00505988, 0.002380637, 0.0024112174, 4.8861264e-05, 0.0097479755, 0.014791158, -0.0049294163, 0.014761133, 0.012550418, -5.429701e-05, 0.0021155165, 0.014536831, -0.002404446, 0.009931807, -0.00019308187, 0.0022942398, 407.83893, 3.767287, 5.766359, 4.9379992, 4.830516, 5.8526177, -0.07998548, -0.10725271, 5.907999, 1.9363265, -0.07622377, 5.9601836, 3.913892, 0.7288081, 3.9829152, -2.2694447, 2.0529249, -1.102199, 3.8584526, 3.9262736, 4.820014, 3.0691504, 3.851974, 6.041413, 2.810559, 2.9351604, -2.231213, 5.8003597, -2.9256186, -2.2635849, 5.785315, 3.7784433, 5.8665113, -2.0361454, 4.9330087, -3.1616917, 5.908999, 5.9464393, -0.13580431, 3.9558625, 6.0240746, -1.1189891, 3.9871325, -3.1139193, 2.8187685, 0.9268096, -0.12043727, -2.0665922, -0.17858456, -1.0375144
0, -0.004950495, 0.0024880506, -0.007450998, -0.0074822977, 0.005124442, -0.007206805, 0.015110729, 0.014900843, 0.0027671608, 0.004958448, -0.00773176, -0.0027135417, 0.009928632, -0.007335081, 0.00017271616, 0.0072530443, -0.007924573, 0.014787264, 0.007430895, 0.009103787, 408.07635, 0.9019643, 2.0810723, 2.8949244, 1.7495104, -1.2770672, 0.97046995, -3.2162194, 4.9560537, 5.955983, -3.146639, 4.776473, 1.8099968, 5.7116547, 5.76917, 1.9692152, 5.986307, 1.8958329, 5.972243, 2.94624, 2.8472252, 3.9669619, -0.16041148, 2.809149, -2.873612, -1.0699276, -0.08455926, -0.13191628, 3.9345927, 4.9050446, 4.9112935, -1.0739808, 2.0360916, 3.80144, 1.867979, 5.810252, 0.89344895, 1.9405415, 0.81912225, 1.783434, -3.153272, 2.892604, -0.06516277, 1.9133275, -1.096641, 1.8304514, -3.1317656, 2.8323653, 3.9924426
0.0024813896, 0.0074073165, 0.012323772, -0.00017184316, -0.00021618107, 0.012231944, 0.01467325, -0.0028829426, 0.0071018944, -0.005206452, 0.009639191, 0.0022348585, -0.0003419999, 0.014706973, 0.009901008, 0.009420785, -0.0076854248, 0.0022702785, -0.0076405676, -0.0023115694, -0.00039245226, -0.007939008, 408.8826, -3.0248313, 1.8918931, 0.92481524, -0.016182497, 3.8451693, 2.0886693, 0.9226507, 1.9820957, 1.8907186, 4.031471, -0.0027445978, 0.06353099, 2.885742, 5.9232903, -1.8286725, -0.156242, -1.119269, 4.0695124, 1.0051427, -1.1714137, 4.910956, 3.802538, 3.8737233, 1.8470589, 1.040431, 0.89051175, 2.7855551, -0.28007132, -0.072991505, 5.9277606, 4.9776883, 2.9250665, -0.03171529, 3.0551615, 2.9506805, -1.2256806, 5.0790772, 2.065234, -1.1386625, -2.9904456, -2.1558506, 5.7743, 4.7737956, 2.8351588, 4.890112, -1.0650945, -2.0754862
0.014888337, 0.012265681, 0.01212744, -0.0052376953, 0.0096741095, 0.00446435, 0.014493057, 0.004518547, 0.0046441867, 0.0070348973, 0.002466395, 0.009675522, -0.00037524966, 0.0020397324, 0.00714821, 0.01183088, 0.004644025, 0.012255086, -0.0052998518, 0.002112293, 0.0017018287, 0.006552888, 0.0017753312, 405.9467, -3.1055496, -3.2191157, 3.916704, -3.2614002, -0.9448212, 2.7028105, -3.2870357, -0.13765684, -3.1745563, 2.7652175, 3.9655402, 2.648467, -0.18064287, -0.085529655, 0.8281214, -1.2421374, 0.9279158, -2.1205876, -2.3227582, -1.0681016, -1.3271706, 5.8254623, -1.2436024, 2.8023767, -3.007125, -2.2378871, 2.533557, -1.1452013, 3.7561524, 0.7555277, -1.1434615, -3.08471, 0.8821489, 0.8511017, 3.801455, 2.0287004, -0.06861811, 4.90176, 0.92560387, -3.1434307, -2.2474005, 1.8215035, 5.662049, -2.0171254, -1.0586966, -0.15909334
0.012406948, 0.0073336116, 0.012176511, 0.014768951, 0.0073437016, -0.0079059675, 0.0046621882, 0.0020758528, -0.007381517, -0.00022632847, 0.007420678, -0.00039828577, 0.009670709, 0.004317185, 0.0024942488, -0.0050657126, 0.0045348746, 0.010072302, 0.014543213, 0.014287767, -0.0051496895, 0.009419912, -0.00803318, 0.00695325, 407.95135, 0.6784477, 6.006526, 4.8611145, 3.9802098, 2.894094, 2.762287, 4.8668137, -0.25535187, 1.7134223, 2.0323925, -2.2544763, 1.9707276, 5.9246063, -3.1882153, 5.8061466, -1.0407355, 0.65150094, 2.7260497, -0.8897072, -1.0941654, 4.8994093, 1.9713039, 5.7993894, 0.87068844, 0.06486602, -0.2557332, -3.0181255, 2.916505, -1.3265357, 3.9302666, -3.1281617, -1.2230309, 2.8445795, 2.767957, 5.857911, 1.848542, -1.0304072, -3.1384304, -2.0340261, 5.7685246, -2.0883415, 1.6893107, -1.0281789, -3.085848, 3.6396787
0.009925558, 0.009827286, 0.014682993, -0.00023211609, 0.014692015, 0.011871469, 0.009523474, -0.0029975846, -0.00036902173, -0.0053037563, -0.0075871525, 0.014869457, 0.012446862, 0.0020632672, 0.0047343387, 0.004331178, -0.005046053, -0.00490655, 0.004982918, -0.007806945, 0.0069774045, -0.0031489634, -0.005289888, 6.378905e-05, 0.009690543, 401.95557, -0.020285403, 0.6562858, 2.974313, -1.0537676, 3.9259775, -2.1497993, 4.9279118, 0.8976342, 6.1041937, 1.8532073, 0.95594126, 0.038929928, 1.6977079, -2.4368043, -2.0383842, -2.0175626, 2.7337756, -2.947027, 0.98757064, 4.0087824, 2.8591094, 1.6810063, 4.811974, 1.8976319, -1.2494662, 1.122789, -1.3430756, 2.9463212, -3.1769023, 4.010452, 2.9402466, 4.8258862, 0.8280689, 4.090924, -1.0926703, 0.1521478, 5.910821, -3.2362623, 2.7501667, 5.9575906, -0.22661161, -3.0041761, 0.09100427, 1.9046686
-0.004962779, 3.6852318e-05, 0.0075010117, -0.0025377946, 0.009886544, 0.007330875, -0.004953312, -0.0050959247, -0.00010878416, -0.0024067485, -0.0025131647, -0.002439827, 0.014985827, 0.014908031, 0.011927519, 0.004702917, 0.0023058387, 0.014820583, 0.002222273, 0.004787762, 0.009351446, 0.009036539, -0.005763815, 0.014490204, -0.002725619, 0.012253953, 409.94528, -3.0598946, 4.035347, -2.3514347, 6.106136, -0.08368403, 5.8096166, -1.2819178, 5.8004947, 3.6990407, 2.03481, 2.9604154, -3.2517588, -3.1415343, -0.11116825, 4.7157326, 6.0091124, 5.9738665, -2.1066928, 4.8050675, 5.0222373, 3.7017365, 0.9864875, 5.7958617, -3.5253851, 3.837055, -0.17839308, 2.923789, 2.9638608, 1.9035805, -0.29981574, -3.2188838, 5.658868, 0.72893834, 5.9661255, 0.9246866, 2.6707566, -3.0178962, -3.150581, 4.7341185, -1.2249134, 0.9322088, 0.8481306, -3.4162633
0.009925558, -0.0050241994, -0.00013500295, 0.0025203244, 0.0075579835, 0.014619501, -0.0076212375, 0.0024999348, -0.005078095, 0.015070725, 0.005153438, -0.0053956374, 0.0048096566, 0.014621485, -0.00010098384, -0.005047721, 0.009344111, 0.0048546377, -0.0076003284, 0.0024702926, 0.009176148, 0.011632288, 0.013534642, -0.007815426, 0.011868303, -0.0079699615, 0.014368018, 402.9051, 1.8124595, 3.7422116, -0.36951205, -3.0793514, -3.3316, -1.989925, -2.1659615, 3.708871, -0.24340907, -1.2746195, -2.0951478, -2.2659373, -0.10416791, 0.6886038, 1.0772704, 4.547634, 0.774645, 1.9056867, -2.3071396, 2.741582, 6.0739713, -1.232553, -0.29553878, 0.8352947, 4.7867837, -0.18988544, -2.195346, -0.11912807, -1.0138973, 4.721017, -2.1730459, -3.305123, -1.4457818, 2.9632769, 3.8900537, 6.033716, 0.8357926, 3.879603, -1.2797182, -0.17995778, 4.9010324, 2.9335947
-0.0074441684, 0.009956269, 0.009989108, -0.0076369913, -0.00026283864, -0.0049197483, -0.0071711075, -0.002572299, 0.01479029, 3.8580132e-05, -0.0026536963, -0.007411916, 0.014931989, 0.002610328, -0.0031023198, 0.014710276, 0.0050402596, -0.0051581967, 0.0094691105, 0.012097201, -0.00051893544, 0.007143939, 0.007186799, 0.00036223343, -0.0005384732, -0.0003131294, 0.00931801, -0.0028319522, 403.82993, 5.8887763, -2.0499034, -0.2790479, -1.3375745, 0.642169, -1.2266375, 5.5934134, 3.936836, -2.1228602, 5.8201084, 2.9709647, 1.7845582, 2.7682097, 5.7613134, 4.890384, -2.106567, 1.0028561, 4.8090854, -2.2293782, -0.15337728, -0.18842018, -1.2433358, 4.788233, 3.8164244, -2.993365, 2.7575893, -3.0947628, -0.4280416, -0.99841905, -1.2805481, 2.8147879, 0.9232853, 1.925923, 3.8903627, -2.0543468, -0.12958981, -3.1167846, 0.89504594, 5.9086323, 3.9425519, 3.8152976
0.014888337, -0.0025858043, -0.007642143, 0.005033472, 0.0051216204, -0.0076937447, -0.00024159251, 0.0025551566, -0.002405586, -0.000103567065, -0.0048620133, 0.00994313, -0.0021802047, -0.00023772486, -0.0022508104, 0.014839921, 0.002391204, 0.00014885672, -0.007693251, -6.2744504e-05, -0.0074529494, -0.0049862005, 0.009877198, 0.0148364045, 0.009852316, 0.0049750227, 0.009216995, -0.0024097462, -0.00028467545, 400.9808, 2.8235471, 0.98801595, 2.1277847, -0.99971503, 3.8593342, -0.15334074, -2.0736604, 0.9191594, 1.1299796, -2.9501166, 2.912634, 1.1215007, 3.9147158, 0.96807224, -1.9959949, -1.1955279, 2.8231213, -2.2564256, 4.1166515, 4.8427477, -2.980927, 1.0881909, 2.8448896, 3.8081453, 5.0807304, 5.030425, -1.8684782, 0.049805533, 5.89331, 1.9352708, 3.888712, 5.866858, -0.95627016, 0.20650247, 2.989486, -0.99024546, -0.06379361, 5.9973707, 1.0431601, -0.87983716
0.0024813896, 0.009882564, -0.0050129155, 0.0024265028, 0.012407706, -0.00028266732, 0.014465996, -0.005259443, -0.00035375133, -0.0028854162, -0.005098936, -0.007197066, -0.007469765, 0.014796706, -0.0050131483, 0.009638911, 0.012055029, -0.0023545923, 0.0068288827, 2.0338963e-05, 0.009046774, 0.0021995767, -0.003024104, -0.0074898223, -0.004986186, 0.0048251636, 0.01438889, -0.00027179907, 0.009708713, -0.002616074, 406.7883, 2.860372, -1.292343, -0.87636065, -0.27344182, 1.6556365, 4.808229, 1.071591, -3.2861, -1.0751659, 0.9896504, 2.8320088, 1.6348109, 2.7981796, 0.87224936, 4.120672, 5.9331203, 4.753157, 5.886645, 3.9530663, 1.8686986, 1.8631347, 1.001717, 5.8728857, 5.99583, -2.7918797, 1.818101, 4.066444, 0.9900834, 1.8861809, -3.3380003, -3.0738306, 5.7293634, 3.1576717, 2.9275894, -1.0748374, 2.8285348, 3.0174885, -0.057202715, 5.9144373
0.014888337, -0.0025858043, -0.005166349, 0.014990848, 0.0051478297, -0.0052800453, 0.0021358042, 0.0024225803, -0.007373895, -0.005084083, 0.007450415, -0.0027062823, -0.0024520631, 0.0069833463, 0.0028388784, 0.0098998435, 0.009529878, 0.00020288485, -0.005336434, 0.007412009, 0.009577871, 0.014382834, 0.01174224, 0.007014593, 0.0118910875, 0.0043883445, 0.0019960634, 0.009739977, 0.0021357285, -0.00069640425, -0.0057081026, 403.88812, 1.9146767, 3.9814441, 4.7701917, 0.75696665, -2.256253, -3.0866306, 5.9868655, -1.1728449, 0.8315779, 1.83148, 2.7665906, 4.7511687, -2.165047, 5.8293147, 2.9288745, -1.2749388, 4.06835, 2.929191, 3.7138174, -0.0963878, -1.2573494, -1.2305841, 2.975058, 3.0235198, -2.139055, 0.76750225, -2.12369, -3.2211492, 0.6800344, 3.8294344, 3.862377, 3.2227755, -0.25003973, 5.910938, 0.85901916, -0.982284, -0.096358046, 5.8659315
0.014888337, -0.0025858043, -0.007642143, 0.01251533, 0.01264098, -0.0028914537, 0.006941584, -0.00758737, 0.004764749, -0.0076315687, 0.012212829, 0.00724144, 0.010257168, -0.00043210288, 0.00490866, -0.00042224527, -0.0078577325, 0.007878845, -0.007200453, 0.0076134275, 0.0025216085, 0.004210751, -0.008161945, 0.009169466, 0.0144310845, 0.0047828993, -0.002694244, 0.0072695683, 0.012288462, -0.0004043884, 0.014461975, 0.009595416, 408.17563, -3.072992, 3.9603138, 1.7905954, 5.971924, -2.0854535, 3.8743768, 5.718178, -3.115057, -0.11811702, 2.7270186, -1.0168868, -0.88827926, 4.644154, 4.803247, -2.2223396, 2.8857718, -3.126295, -1.3384017, -2.2445865, 0.7478219, 0.7362241, -0.11301048, -0.031059692, 0.8517854, 2.845041, 5.8534684, 1.797817, 2.9830961, 2.9079328, -2.300082, -0.12924603, -2.3275874, 1.0477406, 1.8815435, 0.91833264, 5.906355, 3.668674
0, 0.0024752475, 0.007421254, 0.0024140028, -0.005079961, 0.002485372, 6.346564e-05, 0.00487194, -0.0024333186, -0.0024822832, 0.012373973, -0.0027485704, 0.0071108816, -0.0026808723, -0.0023569656, 0.009877666, 0.0050011035, -0.005135773, 0.0072785225, -0.00762676, 0.009799044, 0.014512025, 0.0122671835, 0.0026389603, -0.005416333, 0.007196576, 0.014838514, 0.0021741625, 0.012241214, -0.00033876344, -0.0028681173, -0.0077742003, 0.009065133, 407.97766, 0.6560433, 4.678914, -3.3765807, 5.922346, -2.1338851, -2.1242306, 4.8635817, 5.809737, 0.6342291, -0.29795507, 3.8430715, 0.94869155, -3.326708, -1.1706034, 0.89995116, 2.9219167, -2.0390768, -1.1751559, -1.1511095, -2.086107, -0.2643685, 1.9662361, 4.735488, 0.8319002, 4.826487, 3.875514, 2.6513042, -1.1252892, -1.1555079, 1.0583668, 0.938801, 5.890431, 1.9495323, 1.8452032, 2.8078043, 1.0126607
0.012406948, 0.014759354, 0.009682333, -0.0052381773, -0.00030740115, 0.009593492, 0.0047907582, -0.00029681815, 0.01199166, 0.012180462, -0.00014352144, 0.0071165734, -0.0026852333, 0.0122167, 0.007090596, 0.0070094615, 0.011864246, 0.0047145183, 0.009246717, -0.00028006706, -0.008466706, -0.0054251277, 0.014090347, 0.015084654, 0.0048575094, -0.007878311, -0.0054705036, 0.00924862, -3.489052e-05, 0.006801761, 0.009634779, 0.0023330783, 0.0022937686, -0.0080340495, 401.9453, -2.3875196, 2.7918496, -2.8962088, 0.78112555, 0.9540727, 0.96323633, -2.0406926, 5.7901907, 1.8204892, 4.7083488, 0.7649144, 1.6921383, -2.268217, 4.783623, 3.7384021, 5.645901, -1.9789472, 1.6173049, -3.262982, 4.7537675, 5.048738, -1.0689152, -2.1777446, 5.878866, -2.1172066, 2.9745977, -0.33007723, 1.8962356, 5.8225055, -3.3488095, 4.83289, -0.48180348, -3.1493895, -2.146078, 5.783589
0.009925558, 0.012302533, 0.0022978939, 0.009811219, 0.00735495, 0.014445847, 0.004554191, 0.0071050907, 0.009368447, -0.00017844219, -0.005273096, 0.009665576, 0.014949933, 0.009376556, 0.012012311, -0.008008673, 0.009441515, 0.0026549783, 0.0023622522, 0.012099009, 0.013802157, 0.0064482875, 0.0012026321, 0.011924162, -0.00021975418, 0.0041069645, -0.0028914704, -0.0054864134, -0.0026214723, -0.007919984, -0.007863045, 0.004721237, -0.0032689904, 0.011131841, 0.012373659, 405.6342, 3.857979, 2.0585413, 4.5737977, -2.4740787, 2.7602425, 4.858813, 2.783004, 3.0042381, 5.70382, 3.8365357, 3.0032911, 3.7762854, -3.142706, -0.25984886, -2.5748298, -3.1239328, -3.5209079, 1.8960431, 2.881867, 5.686237, 4.549254, -3.3149993, 0.5321605, 0.7299188, -3.187006, -1.0382605, 5.6898785, 0.9170133, -3.4441857, -3.419074, 5.5268817, 4.0755653, -1.0164738, 1.6642039
-0.004962779, -0.004913643, 0.0025616805, 0.015006037, 0.0050998363, 0.0048986203, 0.014583713, -0.0077455495, 0.0047736806, 0.007498328, 0.009714947, -0.0004243603, 0.009745036, -0.0052252887, 0.009574277, 0.01412167, 0.011919257, 0.0025664347, 0.007273435, 0.014383396, 0.0073462497, 0.0018133153, 0.013861682, 0.0046500238, 0.004269262, -0.0076678535, -0.002730472, 0.0018893167, 0.0023147485, -0.0010371307, -0.0025172774, -0.0008874773, -0.007845796, 0.0019114761, -0.00024113391, 0.009462901, 409.86954, 3.964709, 1.7822491, 4.9845204, 3.509445, 0.75719583, -2.2251241, -0.35080582, 2.6896605, -3.1598773, 3.7924767, -1.1960864, 3.143561, 2.0077596, -0.37976092, -2.2703981, 1.7886169, 1.9418039, 3.7721574, 4.978423, -0.37128997, -2.2426186, 0.8704192, 1.69573, 0.8120892, -0.33921078, 5.9577336, -0.9731699, 2.6530733, 1.8501985, 4.7573566, -0.10013339, -0.056993127, -3.0744677
0, -0.0024752475, 6.1282035e-06, 0.0025185999, -0.0049437266, 0.014932726, -0.00737817, 0.012514148, 0.0023664306, -0.0047556227, 0.012326259, 0.0071226154, -0.00015909257, 0.012280838, 0.0126077, 0.004914998, 0.012024909, 0.0120423995, 0.007130108, -0.0050416617, -0.005465681, 0.011909785, 0.0071217124, -0.0047890553, 0.0022104047, -0.0005933406, 0.0023222067, -0.0028125907, -0.0019396626, -0.0056824833, 0.014646678, -0.0024570615, 0.01208335, 0.002112633, 0.011880447, -0.0029566577, 0.01380806, 400.93988, 6.088848, -3.2210593, 2.9377284, 0.77172256, -1.0789129, -0.15968181, 1.5903026, 5.8579817, 0.6927378, -3.0972745, 3.7302508, -1.5004339, 1.6815702, 3.0582032, -3.1074939, -3.2561786, 0.671724, 1.7290176, -2.1264393, 4.880015, -1.3222127, 0.7961379, 1.8777343, 1.896514, 3.754479, -0.17552288, 0.71785164, -1.255176, 5.768393, -2.242398, -3.3322897, -0.3346626
0, 0.0024752475, 0.009897049, 0.004889521, 0.0073765083, 0.0047521717, -0.0050084386, 0.012235415, -0.00250621, -0.0024092512, 0.014900187, -0.007840879, 0.0069931215, -0.0004311926, -6.3539475e-05, 0.014706416, 0.01460557, -0.00030130445, 0.0021275526, 0.009420802, -0.0054032253, 0.004584018, -0.0074843853, -0.004764888, 0.01449535, 0.007056723, 0.0018736154, 0.01442548, -9.243648e-05, -0.00095288816, 0.0019250216, -0.003170857, 0.0070586293, -0.0077720936, -0.0029785337, -0.003130062, 0.009060489, -0.00053511054, 407.05487, -0.24592972, 0.017833097, -2.2142599, 5.868938, 5.8206863, 4.8461866, -0.0708618, -3.408627, 4.727226, 5.7482357, 2.9830832, -2.2583253, 1.997853, -1.2070956, -3.2014484, 2.8796358, -0.15038723, -1.0694559, 0.70748985, -1.2466985, 5.9209886, 3.8433855, -1.2558519, 2.8139777, -1.13794, -0.18464495, -1.0790566, -0.17075647, 4.887771, 1.864124, 1.7281758
-0.0024813896, 1.8426159e-05, -0.0073905676, 0.0025549862, 0.015048778, -0.0051154713, -0.005094271, 0.0074849734, -0.004970464, -0.004971021, -0.0073395143, 0.010203417, 0.0027512393, -0.007547777, 0.0023356024, 0.0122871455, 0.000109842724, -0.0048220484, 0.012454035, 0.009293204, -0.0048918664, 0.007596993, 0.010038039, 0.014988728, -0.004619758, 7.1307746e-05, -0.0053739073, -0.0048770206, -0.0072344863, 0.0046728533, 0.014712645, 0.009560277, 0.009803854, -0.00031972374, -0.0030440984, 0.006964628, -0.00017224028, 0.012440416, -0.0027689359, 402.02216, -3.338531, 1.9106715, 0.036529474, -1.9548814, 3.9469292, 2.7081537, 4.9101076, -1.194323, 4.902867, -1.0335212, -2.1050308, 2.1345587, 0.8743794, -2.3342142, 1.7938197, 3.9530914, 5.7774196, -0.11601726, 5.8999696, -2.04831, -3.0219676, 5.9445925, 2.8382504, 3.9930053, 4.9438367, 5.978174, 4.60086, -2.126951, 5.9936357, 0.8432131
0.0074441684, -0.005005773, -0.0025739823, 5.0536673e-05, -0.0073927552, 0.007474984, 0.0097859, 0.012462903, -1.63597e-05, 0.007440203, 0.0075413208, -0.0052878917, -0.00045267006, 0.0071911234, 0.010016163, 0.014701917, -0.0048712795, -0.0075058825, -0.0023274657, 0.009850042, 0.0071300003, 0.002459977, 0.014438786, 0.007320156, -0.007560841, 0.009711399, 0.011756806, 0.007605167, -0.005423164, -0.007703928, 0.0116726495, 0.014534503, 0.0043165605, -0.0026161333, 0.011717502, 0.0066795256, -0.005665361, -0.0071135126, 0.012134545, 0.015038, 407.90488, 3.933512, 3.6770947, 0.5072549, 5.5747547, 2.606107, 4.599157, 5.832053, 5.774183, 2.6983225, -3.2648842, -1.3095462, -1.0881962, 3.921527, -2.337998, 3.7431788, -3.1701162, -0.28560114, 2.6643267, -0.9922091, 5.851638, 2.6704686, 1.6777426, -2.1343243, 0.9035994, -3.6849575, -3.3637497, -3.149418, 2.693294, 1.7597258
0.012406948, 0.0023831166, -0.0001902024, -0.002547252, 0.0024528627, -0.0002247186, -0.005041042, 0.0025152594, 0.014727044, -0.0025014107, 0.012274533, 0.01212682, 0.015092419, -0.0027323135, 0.0022336277, -0.00023325258, -0.0076268576, 0.009944021, -0.0022753605, 0.014865479, -0.0002590298, -0.0030541064, -0.007993619, 0.011941642, -0.0002615135, 0.009412953, -0.0003454332, 0.009980031, 0.0022543655, 0.0072576664, 0.0071834126, 0.012167699, 3.9136394e-05, 0.011386327, 0.007211191, 0.0016365044, -0.00213542, -0.005195229, -0.007546369, -0.0025446885, -0.005319115, 402.84198, 2.8328922, 6.0845227, 3.994225, 0.61075604, -0.20465966, 4.9315786, -0.12787992, 2.6939578, 5.637587, 1.7938792, 1.6641679, 5.743349, 3.888312, 2.6088192, -2.3006124, 1.8912798, 5.647421, 3.9067254, 0.12805003, 4.842709, 4.80361, -1.3560725, 5.760241, 0.7100569, -1.1298438, 0.8298162, 4.7982903, -0.30112952
0.004962779, -0.004987347, -6.137327e-05, -0.004950072, 0.012506, 0.01218098, 0.014497347, 0.014749637, -0.00021701018, 0.009843714, 0.005150564, -0.005198134, 0.009395573, 0.0045461077, -0.0026828698, -0.002858521, 0.0072224163, -0.00750126, -0.0069872187, -0.007461614, 0.006895761, -0.00038572383, -0.005583239, 0.0072632576, 0.0073704147, -0.0021932074, 0.0068612844, 0.014516417, -0.0051236744, 0.014737537, 0.009218815, 0.006876821, 0.009317938, 0.0052466523, 0.0067201513, 0.0065720337, 0.00434672, 0.0044420348, -0.007967967, 0.009271216, -0.005068347, 0.01457281, 404.9567, 2.6802132, 3.8525958, -0.10496348, 1.542015, 0.77555233, -3.3097181, 4.9299083, 1.702864, 0.88979274, 3.6677103, -2.1349006, 1.6435828, 0.7385249, 0.99837446, -3.443337, -3.4633539, 4.0128174, 3.6320877, 3.5586278, 5.6230216, 2.6385286, 5.8622174, 2.7079477, 3.4900694, -3.1380584, 2.8955014, -3.1039507
0.014888337, -0.0050610523, 0.0047429553, 0.0074599, 5.3927342e-05, -0.0051953336, -0.005044003, -0.0049775844, -0.007193617, 0.0025088103, -0.004841009, -0.00763413, -0.007336632, 0.009719373, -0.0021416533, 0.015007215, -0.005050705, -3.223511e-06, -0.0004975885, 0.014751215, -0.0075493413, -0.002350889, -0.0073775914, -0.00011821739, -0.0049139475, 0.007183013, 0.002208268, 0.015274701, 0.0044364757, 0.002188236, 0.009526747, -0.004688978, 0.010142009, 0.0002004245, -0.0073399357, -0.0030667386, -0.004862318, 0.0026695826, 0.007463697, 0.010333064, -0.007078957, 0.007221016, 0.0045135915, 402.80847, -0.059907373, 5.927791, 4.893741, 3.9320688, 2.9214013, 4.992275, 1.9603658, 4.8621826, 4.087683, -3.119021, 5.1113596, 5.9963894, 0.1214552, 2.893215, 2.8534656, -2.078591, -0.9348158, 1.8115076, -2.1282492, -0.9807332, -2.0253167, -0.16962846, -1.0982134, 0.92317307, 1.6275556, -3.1513464
-0.0024813896, 0.004968921, 0.0025003527, -0.0075438553, 0.004861936, 0.0049049864, 0.012255239, 0.012247128, -0.0026278358, -0.0077031343, 0.0025071523, 0.0051325415, 0.012084818, 0.0122518875, 0.0024526264, -0.0050486177, 0.00745654, -0.002537883, 0.0149969775, 0.007206824, 0.014219261, 0.004695748, -0.0054900306, 0.014542613, 5.2728286e-05, 0.002082055, 0.0044653746, 0.0071149366, -2.3750154e-05, 0.0047164257, 0.009685533, 0.006609745, -0.005914945, 0.011756119, -0.005628583, -0.008393661, -0.0024925326, 0.0025169675, 0.0068631703, -0.0077522737, -0.0005030134, 0.014139662, 0.014399943, 0.0045576505, 409.76154, 1.835358, 6.0549154, 0.54875267, -2.2520256, 4.718248, -3.40694, -3.232749, 1.5572456, 3.821391, -2.2862544, 4.032516, 3.6814058, 4.5971065, 3.7721431, -0.29325086, -2.3521488, 4.853789, 2.618579, -0.058399927, 0.48920208, 2.6614969, 0.5643479, 0.81529355, 1.7542753, 2.737204
0.0074441684, 0.009845711, 0.012244014, 0.009767859, -0.005182375, 0.002261976, 0.0072981436, 0.0046171434, -0.007468912, 0.0072609675, 0.007422536, 0.009476699, 0.014471212, 0.0069759535, 0.009875033, 0.004721586, 0.007195088, -0.007425069, 0.0021587717, -0.0029548735, 0.009715214, 0.014173277, -0.00042560918, 0.0069681113, 0.014176813, 0.00427019, -0.00494245, 0.009298639, 0.0023045912, 0.0019496027, -0.0006250444, 0.0020443646, 0.01161626, -0.005289169, 0.0045779315, 0.001963361, -0.0032278227, 0.00497631, -0.008306362, 0.006483809, 0.014398407, -0.0053754034, 0.003962868, -0.00270291, 0.011451764, 409.656, 1.4752357, -3.2855897, 0.75149965, 2.9198692, -2.2323208, 1.0352968, 3.6190748, 1.9500935, 1.7860552, 0.9038682, -3.20949, 4.4393463, 0.6328385, 6.0473304, 5.712058, 3.6501987, -1.2582343, -3.0655572, -0.37979266, 2.8652134, -2.3573356, -1.8286072, -3.214534, 0.58194745
0.014888337, 0.009790433, 0.0121335685, -0.0002251428, -0.00024426996, 0.004604708, -0.005028927, -0.002696253, 0.014639316, 0.012382772, 0.0048167272, 0.006897853, 0.014884597, 0.014580381, -0.00039644833, 0.0070776152, -0.0029831748, 0.004759265, -0.00050813257, 0.0072608264, 0.0016756234, -0.0008919329, -0.003443317, -0.005295485, -0.003204158, 0.004028035, 0.0047013024, -0.00775917, 0.0044474932, 0.0074111125, 0.004306339, -0.0027577973, 0.014099608, 0.014119633, -0.0027881807, -0.006191812, 2.498548e-05, 0.004605904, 0.008922606, 0.009385783, -0.0027283798, 0.004453383, 0.013967863, -0.007844417, 0.001522602, -0.00026993142, 401.60437, 0.8650824, -3.2298064, -1.402233, 2.7128768, 1.739251, -0.2258247, 2.9107423, -2.236138, 4.71802, 5.7247024, -0.15532182, -3.4644876, -3.4027896, 2.734335, 2.7363958, -1.2749319, 3.787301, 4.5319085, 4.739148, 4.624214, 1.8059121, -0.43734327, 4.8274503
0.012406948, 0.0023831166, -0.0001902024, -0.0075351577, -0.0050537456, -0.005039674, 0.012270838, 0.002454933, 0.0123299835, 0.01221799, -0.0049357335, 0.0073337494, -0.005040499, -0.007525691, -0.0050388416, 0.014604657, 0.002525813, -0.0050338437, 0.0048269103, -0.005085488, 0.002171927, -0.0073656463, -0.0024105818, 0.012538511, 0.012156802, -0.004933818, 0.004274895, -0.005257557, -0.0029368612, 0.005120332, 0.0022019844, 0.007038117, 1.7195292e-07, -0.007700378, 0.009353261, 0.004836396, 0.002346421, -0.007611179, 0.004765267, -0.00256719, 0.0022527482, 0.010469791, 0.0013366023, -0.007851319, -0.002768246, 0.0073709735, -0.008038752, 402.74692, 2.0077858, 4.873184, -1.0704619, 0.043049328, -3.1006866, 2.9837637, -3.3161118, -0.89469224, 2.1972196, -1.8898875, -2.0944195, -3.0872664, 4.7845297, -0.25230676, 5.9696507, 1.0372967, -1.9836266, -0.9188659, 3.9767075, 4.143556, 2.0812376, 4.142091
0.004962779, 0.002438395, -0.0025555522, 0.002476279, 0.009982561, 0.0022354592, 0.0071353456, 0.012279257, 0.014571899, -0.0075565963, -0.007653262, -0.0049434467, -0.0049375333, -0.005313617, 0.0023089785, -0.005265488, -0.0049802726, -0.004838051, 0.00041873983, 0.014834708, 0.006896669, -0.00730227, 0.0022141656, 0.0075503355, -0.0021675962, 0.007280739, 0.0017722005, -0.007474687, 0.0020755487, -0.007394735, 0.014439941, -0.00034855097, 0.009724201, 0.007005469, 0.009909706, 0.0044452455, 0.0018331509, 0.0027010443, 0.0022012305, -0.008118994, 0.012050117, 0.014720621, 0.009072075, -0.0028077217, 0.014222394, 0.014075294, -0.007899004, -0.0077899443, 409.7841, 5.758584, 3.8866549, -2.0223079, -0.35410613, 4.646172, 3.7750654, 4.7393246, 4.91265, 5.7877355, 5.545703, 0.5513048, -0.12980962, 5.9033337, 3.6439383, 3.0757742, 4.829945, 3.7580988, 3.8153763, 3.0686016, 1.0806273, 5.877536
0.0074441684, -0.0025305261, -0.007531699, -0.0024311943, 0.015056473, 0.009635186, 0.014391464, 0.0098127, 0.0021501926, 0.0022881234, -0.002423039, -0.0024571929, 0.012276831, 0.01204134, 0.007102479, 0.014321445, 0.0146475695, 0.01002315, -0.0025895834, 0.014691309, 0.011281663, 0.0016402878, -0.008630441, 0.009492615, -0.0050488748, -0.00022639689, 0.008998258, 0.007225811, 0.014769796, -0.0036176862, -0.0051640747, 0.0018189098, 0.009152658, 0.0044190525, 0.014273798, 0.010814024, 0.0090132225, -0.0075416686, 0.00885324, 0.0065620043, -0.003042211, 0.014149894, 0.006527079, 0.011366386, 0.0013339495, -0.00043052871, 0.0065070936, 0.0013347764, 0.012137708, 402.5709, -1.730411, -3.403951, -1.464639, 3.828739, -0.2834918, 5.534323, 3.566539, 0.74988925, 3.3313253, -3.2761083, 4.6222816, -0.5743974, 2.4022152, -0.16491978, 3.7261708, 5.478309, -1.6019446, 4.6691265, 2.5354886, 5.513524
0.014888337, 0.004839938, -0.0051847333, 0.0074350494, 0.014991605, -0.0054432834, 0.01431151, 0.009677599, -0.005115401, -0.007873322, -0.0049515795, -0.007331732, 0.009862565, 0.014278384, 0.009786072, -0.005133761, 0.009694868, 0.015342487, 0.014757801, -0.0050947242, -0.0056382925, 0.009407834, -0.0008442757, 0.009859464, 0.0051060007, 0.012280238, -0.007556329, -0.0057846443, -0.0021848215, 0.007461719, -0.0077740084, -0.007562828, 0.009193946, 0.004543433, 0.014542176, -0.003310853, 0.0021127395, -0.005141203, 0.014270827, 0.0014113495, 0.014954244, -0.0029193743, 0.013902543, -0.0018343051, 0.009226968, 0.0027802535, -0.0022964056, -0.0010225227, 0.0016010274, 0.0017770147, 400.84317, 6.158532, -2.180303, 5.692804, 3.9787364, 3.7521052, 2.7710214, 5.906526, 5.589035, 5.5630484, 0.46210068, 4.8212004, 0.6114834, 6.003353, 2.6829956, -2.2123601, 2.6587338, -1.0734565, 1.8657767, 2.497589
0.012406948, 0.012284107, -0.0076420973, 0.0073852735, 0.0124293445, 0.0044905986, 0.0069350456, -0.00025188914, 0.0044685844, 0.00963216, 0.009801546, -0.0052553997, 0.004815296, 0.011976323, 0.006952095, -0.0053714747, -0.0006056951, -0.00708389, -0.0024785069, 4.7159836e-05, 0.0018484336, 0.0019965738, -0.008274417, 0.01430851, 0.0049933842, 0.0024534771, -0.00048890617, -0.005004018, -0.007507678, 0.0052147065, 0.014051011, 0.0096441405, -0.0075265183, 0.007285936, -0.0053912452, 0.009204687, 0.0024601126, 0.014352175, -0.0057331626, 0.0021542348, 0.004594939, 0.01456032, 0.009760517, -0.0078004943, 0.0141646275, 0.0140224565, 0.014210611, 0.001860289, 0.0072119473, -0.0056453985, -0.005846962, 405.94305, 4.8506656, -0.451822, -0.22448221, -0.20441519, 3.7595928, 1.7005212, 4.8082833, 1.7447406, -2.312878, 5.5004706, -3.663083, 4.9214387, 2.57102, 0.78195953, 5.296141, 0.022859424, -0.93091047, 0.7731076
0, 0, 0.0074273823, 0.007426555, 0.0074449796, 0.009719753, 0.0047470136, -0.0052478174, 0.014547368, -0.0074181864, 0.012027486, 0.014537873, 0.015024064, 0.014663838, 0.004825598, -0.0054934225, 0.004185868, 0.0073022037, -0.0026125782, 0.007509791, -0.007757046, 0.008902331, -0.005794385, 0.006869818, 0.011732992, 0.009421703, -0.0027214233, 0.014344422, 0.007598489, -0.005776125, -0.0026356054, -0.004976656, -0.00011760808, 0.009350025, 0.0048267143, 0.01131061, -0.0025299925, -0.00017700826, -0.00067695545, 0.0018976319, 0.0070623527, -0.0031386225, -0.00794002, -0.00482552, 0.004125092, -0.005548833, -0.007881811, 0.0144157, -0.0057482077, 0.0117613245, -0.0055253375, -0.0048929635, 407.82233, -2.1551292, -0.8224579, -0.22788581, -1.351155, -0.119652286, -3.3558154, -2.0853817, -1.0338436, 4.0184636, -3.342531, -1.1626601, 4.670228, -2.0866935, -1.1689992, 1.8139495, 5.668484, 4.5000963
0.014888337, -0.0075362995, -0.0076298863, -0.007386997, 0.010107125, 0.009660438, -0.00028057472, 0.0150524, 0.0023506559, 0.0074771815, 0.010173013, -0.0077221836, 0.009686581, 0.012030012, 0.0145199355, 0.0072058467, -0.00019230001, 0.014908588, 0.00026024203, 0.009850124, -0.008178684, -0.007798259, 0.0015186643, 0.009842889, 0.00017996138, -0.0025055434, 0.009020442, -0.00246196, -0.0024968463, 0.014490142, 0.011970676, -0.007876187, 0.012093542, -0.0076113166, 0.01454071, -0.00086179486, 0.014165555, -0.005380292, 0.00016768478, 0.0143980365, 0.014750756, -0.005648205, 0.01241795, 0.009750322, -0.0031495441, -0.005506933, 0.0059074005, 0.011720269, 0.0018749508, -0.0038457704, 0.006574036, 0.014124826, -0.0056491387, 409.5665, -3.3370214, -1.5740503, -0.1749227, 2.968795, 2.301574, -2.1918447, 1.6528761, 3.4236717, 3.636787, 3.5608475, -1.1828846, -1.358523, -1.7136606, 1.5683255, -0.3775901, 0.7274984
0.009925558, 0.009827286, 0.002304022, 0.01232982, -0.005069883, -0.0076446445, 0.014604805, 0.012139873, 0.012238393, 0.004733654, -0.0027127664, -0.0077934857, -0.0028144193, -0.00053867605, 0.012175727, 0.009565297, -0.00500016, -0.0047656656, 0.014760512, -0.00036369349, 0.0045722653, 0.0049475655, 0.009690996, 0.005153541, -0.007614706, 0.006954193, -0.0026826467, 0.014484009, -0.00044511782, 0.0025433602, -0.0054597217, 0.004976545, 0.0046103634, 0.0068187895, -0.0003090264, -0.005791893, 0.0023307523, 0.0027008227, 0.011802968, 0.012049607, 0.014383055, -0.005072113, 0.013286595, -0.0029245722, -0.0007420161, -0.004966352, 0.0075724293, 0.00949079, 0.0012608207, 0.01202449, 0.0025398845, -0.0077658477, 0.012158172, 0.012076424, 402.8173, 0.7244801, -0.2974221, -1.1467652, -0.11747219, -0.9535967, -3.4778903, 4.5159426, -2.5262496, 5.8353887, 0.5654014, 5.5267487, -3.2888222, -3.0756702, -2.418743, -3.3171196
-0.0074441684, -0.002419969, 0.014971337, -6.876748e-05, -0.00011953505, 5.9834576e-05, -0.0047465684, 0.004859771, 0.0124649415, 0.0027561882, 0.012307763, 0.0045134826, 0.004706106, 0.0073978268, 0.004764096, 0.0146418065, 0.0045151217, 0.0019327037, 0.011991136, 0.014347669, 0.009475177, -0.0077403937, 0.014302482, 0.004883714, 0.011549448, 0.0015834435, 0.0041667446, -0.007824513, -0.0006034076, -0.0032681422, 0.01469038, 0.008710857, -0.0055104434, 0.003936018, 0.004198237, 0.014284931, 0.011866353, 0.004721399, -0.00044962598, 0.012576852, 0.013677699, 0.0011675794, -0.0056812214, -0.008434282, 0.0057998654, -0.00865419, -0.0087718265, -0.0035027075, -0.008062454, -0.008012262, 0.006814387, 0.0048117535, 0.00933457, 0.009449371, 0.0012543352, 408.8421, 5.6616507, 5.78258, 4.5667634, -3.3584704, -0.011437653, 3.6507983, -3.284326, 5.865364, 1.6004637, -3.1365912, -2.3997257, -1.1530013, 1.7681359, 0.7537224
0.0024813896, 0.0024568215, 0.012336029, 0.0023714034, 0.002352127, 0.007266625, -0.0049522216, 0.0023036522, -4.778394e-05, -0.004920075, 0.014806188, -0.00533326, 0.0021828257, 0.004709824, 0.014751996, 0.0047970437, -0.00024506208, 0.0023057912, 0.009812973, -0.0027218089, -0.0051745665, 0.007120098, 0.009739946, 0.005241799, 0.007229652, 0.01226934, 0.012081182, 0.009553395, -0.004999885, -0.0030242256, -0.0028209905, -0.002498242, 0.011931648, 0.007083619, -0.00062956876, 0.0042726584, 0.014147919, 0.014493638, -0.00016050033, 0.014705198, -0.004947182, 0.01154562, 0.0069265813, 0.00938782, -0.0032178226, -0.008466258, -0.0057557775, -0.002980033, -0.0008845621, 0.0068388563, 0.011819842, 0.004682313, 0.002164552, 0.014178284, 0.006341231, 0.0063164257, 406.65707, 5.6478944, 3.3890865, 2.7930481, 0.9020594, -3.452485, 5.557516, -2.3678355, -0.37539664, -3.4741728, 0.59952617, 2.8890312, -1.3825067, -0.13458268
-0.004962779, 0.009937842, 0.009952294, 0.0048270407, 0.014763698, 0.012087803, -0.00020003255, -0.0003973871, 0.011913949, 0.012462878, -0.005174258, -0.0027896413, 0.00979755, 0.012168749, -0.0007058835, -0.0005983905, 0.011698646, 0.01218002, -0.007970335, -0.00025429032, -0.003362202, 0.013725004, -0.0035241167, -0.00024307774, 0.011832817, 0.009562332, -0.0076804105, 0.014151412, -0.002486758, -0.001016855, 0.0019264146, 0.0024552958, 0.009350097, 0.011704373, 0.0070478814, 0.0061569987, -0.007703148, -0.008097058, -0.0006950591, 0.004021849, -0.00493148, -0.00039102696, 0.0020538168, -0.0028760748, -0.0007779123, 0.009503157, -0.0028180133, 0.01179751, -0.005734627, 0.0069006886, 0.011585953, 0.0047110096, -0.008009359, -0.007740247, 0.014704872, -0.0030490041, 0.00907802, 403.6214, -2.5213692, 3.5671406, -3.1296704, 0.8180499, -1.3307624, -0.41466781, -2.2375739, 4.638657, 0.64355814, 6.0474477, -3.0685155, -2.5242505
0.014888337, 0.0073151854, -0.005190862, -0.0025654081, 0.0049348637, 0.007115568, -0.00026536422, -0.0025296754, -0.0027424544, 0.0122129265, 0.007544053, 0.012206918, 0.012436925, -0.0027160842, 0.014395725, -0.00772889, 0.0120501, 0.01269609, 0.0025185964, 0.012087749, -0.0004600193, 0.006694417, 0.013606264, 0.0021088426, 0.012230648, -0.0053985366, -0.0051097586, 0.006914329, 0.014879793, -0.0010258567, 0.009465854, 0.01211285, -0.0029553303, -0.008203066, 0.012610942, 0.001846411, -0.0031941135, -0.0025008097, -0.00048789586, 0.004471447, -0.007792172, -0.0055007627, -0.0052882517, 0.00961318, 0.0070452583, 0.0060177646, 0.008774474, -0.0004112047, 0.00487025, 0.0066974843, 0.013690917, 0.004099026, 0.008498057, 0.003988553, 0.0065041734, 0.011511799, -0.0037547296, -0.008833842, 400.74216, 0.8990341, 0.97270405, -3.3984818, 0.8844484, 0.54950297, 4.4463954, 1.7526038, -0.41587362, -0.18472087, 3.7560232, -3.720175
0.014888337, 0.014740928, 0.009645519, -0.00773786, 0.012148927, 0.009384737, -0.0027203525, -0.0077620912, 0.007011844, 0.0071815955, 0.009846883, 0.009641859, -0.00751438, -0.00017917449, 0.014360481, -0.007840279, 0.0018524902, 0.0024414759, 0.012306303, -0.007704216, 0.0017733535, 0.009331166, 0.014125558, -0.0023198065, 0.0024538953, -0.005273686, 0.0049175457, -0.0005739214, 0.0075258347, -0.008061355, -0.0053578657, 0.002760914, -0.0076283617, -0.0028611755, 0.00995845, 0.002050253, -0.0051622926, -0.0050254394, -0.007704184, 0.012014162, -0.0048086657, -0.007961195, -0.005476456, -0.0051323767, 0.014335007, -0.0029741605, 0.0044951118, 0.012358783, 0.0050275982, 0.0068051205, -0.00069903425, 0.0003303663, 0.01425553, 0.009105785, -0.00054510345, -6.1271305e-05, 0.003714113, 0.007414307, 0.00028037303, 410.21274, 1.9392852, -3.0631547, -1.2770107, 2.6584187, 4.7928624, 4.737849, 2.6381118, -2.185325, 2.8503494, 4.6739717
0.004962779, -0.004987347, -6.137327e-05, -0.00245612, -0.0074308673, 0.0050373124, 0.0024996616, -0.004887993, 0.002494308, 0.012496491, 0.0050275777, 0.0022114576, 0.0123546515, -0.0074597467, -0.000181297, 0.014593358, 0.0074940524, 0.009875679, -0.0050966544, -6.687971e-05, 0.014685573, -0.008037805, 0.014063345, -8.964942e-05, 0.009150262, -0.002632298, -0.0025111465, -0.00793982, -0.00039173514, 0.007047508, -0.0073020062, 0.009161382, 0.0044592624, -0.005416181, 0.011990199, -0.007275982, -0.00032907535, -0.0049472717, 0.014450726, 0.009790603, 0.00939703, 0.010035607, 0.009137551, -0.008409537, -0.008199402, -0.0051953234, 0.01409382, 0.00679116, 0.0025546157, 0.011948933, 0.006557039, -0.0030765925, 0.0046109036, 0.0048014396, 0.006988495, 0.0066556726, -0.0028835635, 0.009502157, -0.0054635275, 0.009291258, 400.54413, 5.4775805, 0.021837818, -0.25420836, 0.5094462, -2.3752928, -0.009551565, -1.1505663, 2.7659476, 1.7332914
-0.0074441684, -0.007370464, 0.0149835935, 0.014944242, 1.8824863e-05, 0.012397444, 0.002446427, -0.00027721617, 0.002443831, 0.010267356, -0.0026140006, 0.004412669, 0.014713233, -0.0027799106, 0.009654504, -0.0029974682, -0.0027378085, 0.0073182913, -0.0072912537, 0.0020819486, 0.012547271, -0.0056572915, 0.00915022, 0.009492774, 0.009273276, 0.012128567, -0.007251513, 0.0070098825, 0.0045104655, 0.014158912, -0.0024731187, 0.014599181, 0.009457953, -0.007954708, -0.007667172, 0.007343557, 0.0046396516, 0.015191947, -0.0037289192, -0.007949694, 0.011502746, 0.012139947, 0.011920594, 0.011323622, 0.0044987923, 0.0009782941, -0.0011670076, 0.009362864, -0.007941483, -0.000502055, -0.005594835, 0.0045266906, -0.006009813, -0.0024644178, 0.00193671, 0.003939866, 0.015111309, -0.0016584805, -0.008408323, -0.005692977, -0.00048408133, 409.5711, -0.40554473, -2.9080448, 1.7283609, 2.8955724, -3.2254999, 0.9299324, 0.015513565, 2.9222102
0.012406948, -9.21308e-05, 0.012194896, -0.0076026823, -0.005146785, 0.009775495, 0.0073672063, 0.004823571, -0.0073891804, 0.014788556, 0.012663511, 0.004487696, -0.008098596, 0.012222717, 0.014975051, -0.0025224232, 0.0045841145, 0.007138865, 0.012258012, -0.007707161, 0.009395808, 0.0046368954, -0.0005488852, -0.0076397923, -0.0026018044, 0.009379701, -0.0046364865, 0.012023045, -0.0025060917, 0.0094416095, 0.0044818767, 0.0001366942, 0.0042865714, 0.004909899, 0.0145361675, -0.00021721967, 0.0070659546, 0.005016164, 0.014324403, -0.0049625835, 0.0023078488, -0.0055079935, -0.0057759564, 0.006794307, 0.008570213, -0.0054665054, 0.0019416871, 0.007155787, -0.008180912, -0.0007336108, 0.014418843, -0.0027411275, 0.0026248149, 0.007053936, -0.0008777214, 0.0019096516, 0.004853241, 0.011141857, 0.014819308, -0.00019339209, 0.011653867, 0.004469032, 406.66446, -2.267362, 1.8796046, 3.7024791, 5.681051, -1.2448913, -0.40267742, 2.7110283
0.0074441684, -0.007481021, -0.005043648, -0.0048942873, 0.012587082, 0.0047579003, -0.007574255, 0.0051142075, -0.007402296, 6.932706e-05, 0.0052276147, -0.004970179, -0.0024886443, 0.007336157, 5.9676404e-05, 0.009969397, 0.009694727, 0.012276839, 0.014642669, -0.0026830125, 0.011657938, -0.0027287828, 0.0018492633, 0.01485171, 0.0074640214, -0.0075371987, -0.007890654, -0.0026807662, 0.009930405, -0.008427011, 0.0127957845, 0.006825086, -0.0022307255, -0.007701065, 0.0019606105, 0.004551451, 0.014248474, -0.005202515, -0.0026262917, 0.0070288377, 0.002243691, 0.014127834, 0.000183788, -0.003226502, 0.01406035, 0.0021576944, 0.001807292, 0.011149355, -0.0020966409, -0.0028062083, 0.004023705, -0.004623594, -0.007629519, -0.0059503936, 0.011759489, 0.014758958, 0.011730983, 0.0069263713, -0.0027297013, -0.008007087, -0.007883508, -0.005533076, 0.013497404, 409.87552, 3.9455078, -0.053449836, 5.56982, 4.741069, 0.9046325, 5.785628
0.0074441684, -0.007481021, -0.005043648, 0.0025875703, 0.0076379296, -0.0026329667, 0.002271186, -0.0024416484, -0.0048812293, 0.014935866, 0.002720127, -0.0076472033, 0.0048835194, -0.00017396355, -0.00268085, 0.004832965, 0.009645017, -0.007271908, -0.007429761, -0.0025243992, 0.014671406, -0.0076446747, 0.009177946, -0.002710727, 0.014372177, 0.002600125, 0.006980156, 0.012204409, 0.004111501, -0.005289448, 0.0045214826, 0.009377307, 0.0070783207, -0.0045363093, -0.0005192538, 0.012039473, 0.0115574775, 0.009539535, 0.01411467, 0.012211035, 0.0069504413, 0.0045754258, -0.0053768186, -0.006356467, -0.00791951, -0.0055523273, 0.004012463, 0.008849852, -0.0029999733, 0.015307621, 0.0023760512, 0.0022387907, -0.00010810477, -0.004925675, 0.0019737533, 0.0071880664, -0.0076892762, -0.00069478864, 0.007540805, -0.005102924, -0.0062548853, 0.0067581767, 0.008774787, 0.012196179, 404.79858, 5.853404, 1.6319758, 1.8347207, 3.8604922, 3.7614841
0.0074441684, 0.009845711, 0.0023408367, -0.007616072, -0.00766616, -0.0074698236, 0.0050040283, -4.2788895e-05, -0.0073365225, 0.01463073, 0.015118655, 0.0022815298, 0.0020024767, 0.009928394, -0.0073854425, 0.005173392, -0.002549574, 0.0147281345, 0.004491555, 0.014685878, 0.01204805, 0.014398788, -0.0032498105, 0.013906935, -0.0027895116, 0.0015983257, 0.014541526, 0.010245925, -0.005352813, 0.0121624395, -0.00088064204, 0.001964193, 0.0086996695, -0.0052004787, -0.001004695, 0.009073248, 0.009469693, -0.005530053, -0.0078035705, 0.002615185, -0.00030269896, 0.011566245, -0.005580398, 0.0070813275, -0.0010062896, -0.0035594574, -0.0033197163, 0.009172939, 0.0024685522, -0.00782017, 0.0067392243, 0.0041057444, 0.0023156414, 0.0036754673, -0.008078389, 0.0093419105, -0.008186927, 0.009391098, 0.006339087, 0.007022536, 0.0020759734, -0.008236396, -0.002707371, 0.009641102, 0.006822336, 400.77908, 5.4443192, 1.8121154, -2.5522728, 0.74979186
0.009925558, 0.0073520383, -0.0051172324, -0.002553947, -0.00504108, -9.029556e-05, -0.004962785, 0.012532971, -0.0049639056, 0.004855777, 0.0076005114, 0.007310864, -0.0076586744, 0.0023429233, 0.010017954, -0.002244032, 0.012216607, 0.0024432554, 0.0022753195, 0.0146126095, -0.0053496584, -0.0022822048, -7.031449e-05, 0.0023515362, 0.0003871875, 0.009356338, -0.00043074405, -0.004714205, -0.007388884, 0.0023391857, -0.007948054, 8.726209e-05, -0.0053070365, 0.006844543, 0.012283121, 1.0887839e-05, 0.01451863, 0.0073100138, 0.012468267, -0.0071455063, -0.0076446687, 0.009924622, 0.0073162536, 0.0073245503, -0.008309847, -0.0054566446, -0.0024254054, 0.0049549267, -8.560684e-05, -0.0007741229, -0.008122041, -0.0048340913, 0.012050915, 0.002345244, -0.0052716723, 0.004299507, 0.014818339, -0.00014653782, 0.014834852, 0.004548554, -0.0054117306, 0.0002125731, 0.014027053, 0.005516438, 0.014034417, 0.0016739618, 401.55304, -2.1784708, -1.2645571, 4.8729815
0.004962779, 0.012339385, -0.0025800648, 0.009859549, -0.0050651105, 0.014726298, -0.0050773323, -0.0050890674, 0.014348719, 0.0024862052, 0.002044907, 0.0021567768, -0.0047886376, 0.0073414603, 0.007262312, 0.0070370166, -0.00041511763, -0.004978721, 0.0069834897, 0.0024753206, -0.0055581764, -0.007599197, -0.0051054433, 0.014932656, -0.0072572096, 0.0023283744, -0.00038499938, -0.0047927178, 0.014901452, 0.0047709486, 0.007489184, 0.0027936986, -0.0069423313, 0.011762017, 0.012332705, 0.0043458804, -0.0024981296, 0.012825401, -0.003187032, -0.0046744, -0.007823963, 0.010068473, 0.0042063664, -0.008045542, 0.002038721, 0.007015743, -0.0052741906, -0.0070979493, -0.0002120884, 0.009225458, 0.0045087254, -0.007532093, 0.0048234696, -0.0026566442, -0.0056653456, 0.0044677183, -0.007460574, 0.00012956074, -0.008142403, 0.009131501, -0.0025610635, 0.0041216123, 0.0066022365, -7.667909e-05, 0.011722884, -0.0058413814, 0.011841492, 402.95425, -3.1799326, 3.636135
0.014888337, -0.0075362995, 0.0022732897, 0.0075029815, 0.0125781605, 0.0070268502, 0.004543104, 0.0023240997, 0.0023548054, 0.012461813, 0.0025639003, 0.014403814, -0.0049778903, -0.007900063, -0.007292083, 0.014354503, 0.0019660364, 0.0072566415, -0.0026230414, 0.0069802143, -0.00025901335, -0.00053577864, -0.0054534883, 0.009516019, 0.014539095, 0.0021680705, 0.0018157909, 0.007240298, -0.002859452, 0.0016705176, 0.014070648, -0.0077354806, 0.010098149, 0.004854154, -0.007880626, 0.011727071, 0.0045471694, 0.014167638, 0.012120974, -0.005220493, -0.0030774127, 0.0073299743, -0.0030758784, 0.0042781015, 0.004032635, 0.0015032173, -0.005962202, 0.008879317, 0.0047008186, -0.0029288945, 0.0046350253, 0.0047588185, 0.0022171086, -0.0033896929, 0.014425453, 0.004503814, 0.004990594, 0.0063683405, 0.011774142, 0.013705864, 0.0146457, 0.0016639376, 0.0021921808, -0.0077222832, 0.0018503385, 0.009961625, -0.008595068, 0.0071823723, 403.81644, 4.0560613
0.0024813896, 0.0049320688, -0.0050006597, 0.009957655, 0.005026707, 0.00725265, 0.004670282, 0.00481507, -0.005203012, 0.009853431, 0.0049633416, -0.005222901, 0.014640628, 0.014535568, 0.0022354887, -0.0076259067, 0.0070474604, -0.007213133, 0.0024460466, 0.014667941, 0.006924892, 0.007014146, 0.0038385766, 0.011713805, 0.0048021073, -0.0029040368, 0.0043889843, 0.0048897043, 0.009537385, 0.004588493, 0.011649363, 0.001877044, -0.008220564, 0.0021912376, -0.0077014393, -0.008451483, -0.0052378904, -0.0051811645, 0.011762876, 0.006908171, 0.009379941, 0.014292534, 0.007096619, 0.0039626695, 0.0018012712, 0.011795625, -0.0006545546, 0.0063887, -0.0030985104, 0.0068489555, -0.002982928, 0.011423618, 0.0060718614, 0.004211633, -0.005491731, 0.014645339, 0.004170565, 0.00095904863, -0.008616555, 0.003899466, -0.0012870121, -0.006022295, 0.013899157, -0.0047026696, 0.0010529985, -0.00049277156, -0.00626384, -0.0006441122, -0.0033321488, 403.6341

