407, 3, 1, -3, 0, 1, 1, -3, 1, 6, -2, 3, 6, -2, 6, 4, 1, 3, -2, 3, 4, 2, -2, -1, 5, 1, -2, 3, 5, 5, 4, 1, -2, 0, 1, 6, 2, 6, 1, -3, 3, 6, 2, 6, -3, 5, 0, 6, 1, 6, 0, 1, 3, 0, 1, 6, -3, -3, -2, 5, 1, 0, 6, -1, -1, 5, -3, 1, -3, 4
0.004914005, 401.98526, 5.995086, -0.985258, -1, 4.995086, 2.995086, 0.014742015, 1.995086, 4.970516, 5.009828, 3.985258, -3.029484, 4.009828, 4.970516, 5.980344, 2.995086, -0.014742015, -1.990172, 2.985258, -1.0196561, 4.990172, -2.990172, 1.004914, 4.97543, 0.995086, 4.009828, -3.014742, 5.97543, -1.02457, 4.980344, 3.995086, 5.009828, 3, 5.995086, -0.02948403, -2.009828, 0.97051597, 1.995086, 6.014742, 0.985258, 5.970516, -0.00982801, 3.970516, 4.014742, -3.02457, -1, 0.97051597, -2.004914, 3.970516, 6, 1.995086, -0.014742015, 6, -3.004914, -1.029484, 0.014742015, 5.014742, 1.009828, 2.97543, -1.004914, -3, 5.970516, -2.995086, 5.004914, 0.97542995, 1.014742, 5.995086, 2.014742, 3.980344
0.014742015, -0.007572979, 410.03067, 2.0367646, 2.992427, -2.9769142, -2.9920602, 6.0443377, 1.0003667, 1.9491895, 5.0674233, 1.9859543, -3.1113944, -2.9401495, 5.9491897, 1.986321, -2.9920602, 5.9556623, 4.0144124, -3.0216186, 0.9333101, -1.9916936, 3.0068395, 1.0223522, -2.0360312, 4.992794, -1.9401497, 5.9329433, 1.9715418, 4.918531, 4.978748, -1.9844872, -1.9325767, 5.022719, -2.9693413, -1.0886754, 4.955296, 5.9188976, -2.999633, -2.9102244, 1.9632353, 2.9567626, -2.0295584, -2.0583835, 2.0746295, -1.0966151, 5.992427, 1.9188976, 5.970075, 4.9416165, 4.045438, 2.0003667, 1.9556623, -1.9545621, 0.9625018, -0.09624834, 2.0443375, -2.9177976, 0.037131436, 2.948823, -2.022352, 4.977281, 4.956763, 4.99206, -1.9473559, -2.066323, 1.0519106, 0.030658647, 2.0594835, -3.028825
-0.0073710075, 0.0050303163, -0.0073720976, 400.99783, -2.9729092, -0.039701957, 1.9702469, -1.9776278, -0.9952901, 6.033592, 0.9974145, 6.0167065, -1.9634722, 3.9434123, -0.9369192, -0.98595566, 4.9702473, 4.066093, 6.0248637, 2.9848206, 2.0414937, 0.9749569, 4.022466, -0.0048891627, 5.9968176, 0.039172776, 0.9507843, -2.9189837, 3.021331, 5.0782695, 5.041135, 3.9726446, 3.9458098, 0.021937026, -0.044676445, 5.036349, 1.061383, -0.9170212, -0.024778495, -2.0738237, 1.03163, 2.03599, 5.9998293, -1.9909215, -2.0270143, 0.04398523, 0.049207073, -1.9465096, -2.9385316, 0.06068317, -0.0003585355, 4.0120816, 4.0366044, 2.9554088, -1.9704177, 3.048695, 1.9928839, 0.9311509, 4.980452, 5.043627, 1.9975169, 4.051784, 1.0507342, 3.0444973, -3.0469034, -0.98328483, 3.9805372, -1.0225601, 1.982935, 3.9871325
-0.0073710075, 0.010005623, 0.009627051, -0.0075607966, 400.9587, 1.9857507, 3.0211046, 1.904598, 2.970253, 5.0213466, 4.8938885, -1.9913896, 0.08964606, 0.0032574644, 1.9301357, 4.94307, -0.956213, -1.0043321, -2.9879231, -2.9560995, -0.9538634, 1.9913577, 4.0166426, -0.027305001, 1.0520145, -1.0503551, 5.971004, 0.9730907, -0.019069325, 1.0381513, 1.969837, 6.016539, 5.98357, -1.078205, 4.9756346, 5.093081, -0.0048283897, -1.0293995, 2.0160992, 3.9300427, -1.9988455, 2.9714162, -2.9202578, -0.9907383, 5.902418, 3.0780075, 2.9526882, 6.001325, 5.9477396, -3.042616, 1.9010178, 5.9984856, 2.0339534, 2.9811282, -0.986727, -2.9214964, 2.9731262, 2.9628413, 6.0124526, -2.9831707, -0.94800216, 0.012735047, 4.944713, 1.9975568, 4.938262, 5.0395536, 5.9877033, 0.93935984, 2.952894, -2.9510374
0.00982801, -0.0050486526, 4.9847727e-05, -0.0049266894, -0.0025435148, 407.02042, -0.97716665, -0.9756416, 1.002846, 2.0085268, -0.93794215, 3.0151143, -3.083553, 1.0594832, -0.033876784, 2.9984968, 3.027497, 4.9876227, -0.96850896, 0.99292445, -0.036874812, 6.015505, -2.9655566, 1.0147569, 1.0083009, 0.9924683, 5.059869, -3.056906, 3.9957664, 4.973102, 4.01543, -0.95468414, 4.0797043, -1.9877386, 2.0330226, 4.9787045, -1.0248332, -2.0614996, -2.9946003, -2.9402256, 3.975391, 4.9886165, -0.9974728, -1.0511483, 6.0546756, 0.9436903, 3.0024052, 5.951511, 3.9804032, -0.046608604, 2.034924, 4.0351686, -3.0045953, 3.0525324, -3.0372643, -3.0565717, -1.953163, 3.0670705, 6.0645823, 4.9829955, 1.9926294, 5.0046005, -2.0113184, 2.0145383, 6.0327425, 4.963862, 6.069395, 6.0177894, -0.94316685, 2.9930716
0.0073710075, 0.0049202973, 0.014543135, -0.007487971, 0.009824304, -0.0024776657, 404.00403, -0.10180021, -1.0658845, -3.096205, 3.8734617, 3.0014834, 1.9927062, -0.9301073, -0.18126413, -2.1363122, 3.0755188, 2.944017, -1.9617792, -1.9390056, 5.986526, 5.9923115, 1.9690374, -1.0096959, -0.9946584, -1.0718066, 4.9842234, -2.1325545, 4.937783, -1.063196, 3.9019494, -3.0298939, 5.999068, -3.081975, -2.0378647, -1.0282366, -0.07146276, -3.1369417, -0.0009752861, 1.973419, 5.9816995, 2.88181, 6.085967, 2.958394, 0.91402376, 3.9664032, 0.8965709, -3.1356964, -3.1549037, -3.105398, -1.1019922, 3.9348304, 5.952317, 2.9993093, 3.9808304, 6.006196, -2.0268161, 0.025336675, 3.0024846, -3.0149598, -0.9438073, 3.98499, 4.8086166, 3.9576712, -3.0453174, -1.0561776, 5.987841, -1.0392898, 0.96574974, 6.0612435
-0.0024570024, 0.0074812965, 0.009651976, 0.012419872, 0.0025327338, 0.014714949, 0.012354298, 402.96948, 5.981126, -1.1202154, 0.8498606, -3.192744, 2.1123528, -0.05961881, -1.0703796, -0.07208876, -0.13292417, 0.79227674, -1.0575444, 0.993962, 1.9120924, -0.19289623, 4.947615, -2.0221708, -3.084979, 1.9476331, -2.1791503, 0.07777781, 4.7912755, 5.8467326, 1.749622, -3.021375, 2.7779508, 5.998861, 2.9694793, 1.8894619, 0.974915, 1.0334383, 2.0557628, -0.98959166, 4.8409033, -3.2002866, 1.8969457, 6.0110593, -0.14759111, 0.9742666, 0.8862964, -0.050901067, -3.0383291, -2.0166554, 2.894926, 0.7952122, 0.9039954, -1.1522508, 2.038132, 0.96368283, 3.9942856, -2.0812387, 4.7837543, 1.8704005, 5.9894257, 2.8011742, 4.8668475, 1.8503574, -2.0469184, 2.9643857, 0.746995, 1.891919, -1.072481, -1.1516868
0.00982801, -0.0050486526, -0.0072666784, 9.8031254e-05, 0.0050304127, -0.002496747, -0.007510518, 0.0150405755, 408.8972, -1.0469513, 0.07102369, 3.0925863, 4.878365, 0.014688538, 5.0143933, 5.973072, 4.02053, -0.95897925, 2.0519736, -0.048825454, 5.9830313, 3.0438776, -0.061221015, 4.0478334, -2.0032492, 6.0018916, 4.078515, -1.0310194, 0.97015226, 3.8922017, 4.0246234, -0.014430415, 2.013879, 5.93873, 1.9189446, -3.1168523, -0.011632915, -0.05003994, 2.9299035, -0.95849925, 2.9817517, 0.059747156, 2.9943354, 3.880484, -1.9404625, 1.9296255, 1.0245378, 4.9219522, 6.025742, 3.0191786, 5.003389, -2.988121, -2.002368, 0.048280995, 4.9788127, 1.9725163, 5.9490867, 0.057754446, -2.0399678, 4.963487, -0.117222026, 5.020854, 5.940111, -1.972441, 0.019379618, -3.1246107, -2.9393697, -1.0051994, 2.0606017, 1.043546
0.00982801, -0.0050486526, -0.0072666784, 0.010073147, -0.0048717167, -0.0073612225, 0.014780123, -0.002240857, -0.0022779598, 408.99963, 0.033478346, -0.087518275, 5.8870373, -1.9997255, -2.9603481, 4.1064196, -0.08548336, 0.9606612, -0.012295438, -1.0427536, 2.8662713, -3.0468388, 5.9654737, 5.0493293, 2.9165492, -1.9328511, 1.0133005, -1.9606053, -1.0657936, 3.0096223, 4.9658036, 4.0161657, 0.9724862, 3.1040614, 2.0796626, 3.9560332, 5.9911604, -2.9734442, -2.0222301, 4.023526, 3.9281206, 1.9737215, 3.8046603, 3.9321947, -1.8596884, -2.1029248, 4.0655556, -1.8900259, 5.1648564, -1.9705335, 3.1181056, -3.0298893, -2.1587286, 2.97651, 1.9317503, -0.21442726, 4.076905, 6.0563245, 3.0104847, 6.0187125, 1.9874353, -3.024074, -1.0407413, -3.033966, 1.1605707, 5.0269012, 5.9824796, -1.9028525, 1.0301068, -0.16352262
0.0024570024, -0.004993643, 6.7020155e-05, 0.012474668, 0.0075616064, 0.014761338, -0.0025254658, -0.0024035252, 0.004877205, -0.007673215, 402.00574, 4.892043, 1.0711609, 5.9423695, -3.042929, -3.0526285, 2.9004214, -3.1032085, 4.93884, 5.9679284, -1.0201647, 3.8805668, -2.984058, -1.9957126, 1.9372725, 4.952851, 4.8886, 2.0361416, 4.931969, -1.1468623, 5.9101872, 3.9526398, 4.894839, 3.0533538, -3.030808, 1.8578545, 5.0348334, -2.9886484, 2.0121067, 3.1153097, -1.0166789, -2.0921915, 5.9916525, 3.0862331, 0.91570735, 1.9217428, 0.9579378, 1.8344767, 4.91503, 1.9851573, -1.0110193, 2.8555732, 5.981448, -0.046967354, 3.064841, 0.01552136, 5.9955463, 4.994566, -2.1350303, -2.0926836, -2.0266695, 5.829274, 2.9808176, 5.905127, 5.9353976, 0.9518797, -3.0949988, 5.9365244, 4.9818664, 1.9448408
0.00982801, 0.009877267, 0.0047092987, 0.012542771, 8.248619e-05, -0.0074807364, -0.007568222, 0.014932775, 0.014399987, 0.011809453, 0.009804797, 402.84796, 3.8204243, -1.0886486, 0.88245934, 5.806987, 1.8750025, -1.0276508, 3.860959, -2.149521, 1.8473133, 4.975375, -0.13722692, -1.0730535, -2.1425073, 4.8144927, -0.03374618, -3.0132475, -1.2093662, -2.264461, -3.3164465, -1.161198, -1.1247495, -0.33335835, 1.8780572, -1.1359441, 5.8208313, 3.9257026, 3.8935916, 2.9529264, -3.1378717, 4.945616, -0.22153959, -0.27125022, 3.1003377, 0.9858282, -1.0753505, -2.098664, -1.1264588, -1.1553736, 2.7862272, 0.009131153, 3.915407, -2.060019, -1.1074705, 0.89583176, -3.2877245, 1.9146594, -0.042044647, 5.7090635, 4.9010587, 1.8873966, 2.6913276, 2.0012772, -2.012159, 4.924043, 4.0456758, 5.9312015, 3.9003541, 2.9391668
0.014742015, -0.0025976724, 0.002440869, -0.004896049, 0.014903137, 0.0097678425, 0.0024121262, 0.002484603, -0.0050947415, -0.0027880033, 0.002388623, 0.0074357656, 407.93066, 6.046778, 1.8980141, 4.85526, -0.99835867, 3.9311326, 5.0752764, 0.020654086, 0.9686589, -2.148549, -0.98939645, 1.0602341, 4.9673114, 5.9571137, 0.91645014, -2.0536993, 2.8884153, -3.0917258, 3.9290528, 5.9647217, 5.9257803, 5.0577493, 0.9202364, -2.1888025, 5.9275646, -0.094988115, -3.0327287, 4.0015836, 3.974998, -1.1881725, 0.051888958, -3.054522, 0.8504115, 3.8462946, -2.0724168, 5.7910028, 1.8804648, -2.0178642, 5.9688487, -3.1656368, 5.8935366, 1.9801847, -1.9731722, 3.9833019, 2.070567, 1.9909415, 1.8918436, 5.9545407, -0.047234874, -2.0765598, 4.8425965, -3.1014028, -3.0983934, -2.2401474, 1.8779773, 5.8520665, 0.9921501, -0.040369157
0.014742015, -0.000110019064, 0.004843339, 0.012554316, -0.0024373597, 0.00247055, -3.6827307e-05, 0.00011621094, -0.0048981616, -0.0053078993, 0.0025068924, 0.0046212384, 0.0073380144, 405.92722, 2.8984199, -3.0547402, 0.9386289, 5.84521, -2.128136, 3.9124665, -3.060033, 5.9404893, 5.027446, 0.05639674, 2.8360705, 2.896176, -1.9635934, -3.0183768, 3.8402991, -2.100807, -1.1332511, -2.0643668, 4.958731, 5.9795375, -2.9798512, 3.8758304, 2.8841, -0.12913178, 2.0152245, 1.0678911, -2.058277, 3.8695974, 0.9208553, 4.002351, -0.9826929, 5.896612, 6.0143313, -1.0967063, 6.0339284, -1.100393, 1.9672176, -1.0845661, 0.8105162, 0.9841351, 0.05656576, -3.1507187, 4.0565886, 6.0435576, -3.0362334, 3.820533, 4.9546537, -1.0873722, 1.8597655, 2.9247758, 5.0836453, -3.04894, -1.0183578, -3.1144874, 5.997034, 3.877935
0.014742015, -0.0025976724, -0.004875656, 0.0076100095, 0.0050743786, 0.0097635025, 0.009796106, 0.0126303425, -0.00021294705, 0.014394177, 0.0024745746, 0.007227105, -0.0030080122, -0.0023767846, 403.02386, -3.1436727, 0.8680568, 4.8981752, 5.0259275, -0.03704451, -1.205366, -0.1521527, 4.864027, 0.9922348, -0.092858374, -0.9997205, 1.8947208, 4.075289, -3.18947, 1.7541282, -1.2217951, -0.04380467, -2.1489437, -3.007719, 2.8841395, 3.7282238, 3.863713, -1.985845, 0.9613369, 4.99078, -3.2120047, -3.1789541, 4.790908, -3.2237618, 0.9859455, 0.8811435, -3.0828693, 4.934732, -1.0253271, 2.0410397, 2.9412081, 5.8749814, -3.1089585, 3.904272, 2.934935, 4.8603497, -2.020168, -0.07600828, 3.7751257, 2.787745, -1.1708649, 2.8699977, 3.8376048, 4.927985, -2.0009222, -1.2998512, -0.24112585, 5.911347, 6.005054, 3.8328006
-0.004914005, 0.009987286, 0.0071824854, 0.01491397, 0.005069929, 0.002375637, -0.005064028, 0.0023905972, -0.0025544085, 0.011809182, 0.009660687, 0.012060085, 0.014732406, 0.011813991, -0.002611907, 404.80017, 2.9024475, -3.167869, -3.2239876, -3.103617, 1.0111017, -0.12648718, -1.1489615, 0.9444663, 2.7553117, -2.240929, 5.904313, -0.8491369, 3.795576, 5.975038, 0.7418748, 4.7484164, -1.3126785, 2.7139015, -0.06428902, 0.8523802, -2.3226817, 0.99696773, 3.9872282, 5.8022323, -2.0389163, -2.1855204, 3.8868592, 0.9686669, 4.893589, 4.9371896, 2.856279, -3.0422738, 4.7963943, 6.031861, 2.732681, -0.03594197, 4.776299, -3.1347156, 0.09462364, 0.03302458, 5.775535, 1.6813974, -2.13735, 5.649389, 3.8564656, 2.9557095, 3.7939258, 0.9180591, 3.888266, 3.924259, 1.7786492, 3.7882662, -3.2563543, 3.8986459
0.014742015, -0.005085326, 0.0073549254, 6.043782e-05, 0.014897009, 7.309856e-06, 0.014795343, 0.012341147, -0.00027927037, 0.002216745, 0.0021812636, 0.007387637, 0.0118158115, 3.392822e-05, -0.00033293336, -0.0029304724, 405.99426, -1.1690973, -3.0302985, 4.049126, -1.1939862, -1.1183573, 2.845968, 3.0454142, 2.9571452, -3.1567404, -2.0760994, -0.041784108, -0.21332572, 4.881013, 1.7778444, 3.9469664, -1.2219816, 0.903523, 3.9356165, 4.8592577, -1.2300353, 2.909496, 3.9820173, -1.0456169, 0.79136854, 4.8427105, 5.9083977, -2.1308284, -1.0668355, -3.234756, 0.9113823, -3.1985292, 3.905997, 6.063203, 0.86750203, 0.8619064, -1.282879, -3.05246, 1.9168595, 4.7987547, 0.96104574, 0.015005533, -2.1885595, 4.8827844, -0.07586686, 0.8697739, -2.366769, 5.8708334, 0.097925834, 2.83761, 4.800112, 5.884771, -0.06668996, -0.060471613
0.0073710075, -0.0050303163, 0.009810939, -0.002500826, 0.0073777577, 0.0025360214, 0.0074805347, 0.0023503636, 0.014575349, 0.002385471, 0.009768283, 0.0046988945, 0.006961662, 0.0073597822, -0.002891162, 0.0045355526, -0.0026601085, 402.90225, -3.072769, 1.0122782, 0.8309634, -1.171968, 5.944976, 5.9646997, 4.980549, 4.7396374, 2.839067, -2.0204344, 2.7937577, -2.1177504, 4.7674766, 3.9499104, 5.807414, 5.767775, 5.040682, 0.96168405, 0.7953497, 2.9518104, -1.0543343, -0.04855993, -2.1239095, -2.1017034, 5.8888083, 5.842292, -0.060170997, -2.2434006, -0.18010283, 5.813193, 0.6786949, 0.94150335, 2.8315501, -1.0204144, 2.791133, -1.9940226, 0.86812097, 5.930801, -1.2173964, 3.9141395, 5.006038, 1.8220918, -1.0561452, 1.784918, 2.6753461, -0.10819352, -3.0706868, 0.96217084, -0.0410445, -2.0678601, -2.1256695, 3.9191217
0.0073710075, 0.0074079507, 0.0120679205, 0.012480946, 2.0950534e-05, 0.0073509947, -0.004977478, 0.002432862, 0.012107953, 0.0019688173, 0.0122563075, 0.014279972, 0.01453525, 0.0020141802, -0.005465819, 0.009077138, -0.0029111328, -0.007751018, 408.71994, 0.935294, 1.8540845, -1.1960324, 5.0930467, -1.0026599, -1.1597216, -2.3411484, 0.8419208, 6.0612493, 5.7075295, -2.2124407, 3.686531, 2.8131895, 5.819966, 5.7116117, -2.005307, -2.0584981, 4.7282386, -1.1142343, -2.0679283, -2.0934694, -0.13057078, -1.2039956, 0.90513325, -3.055776, -0.12841235, 2.8171637, 5.8743463, -0.1496568, 4.735134, -1.1717857, 3.7101178, 2.973749, -1.2769856, 2.9557202, 5.035293, -3.0251973, 4.751983, 3.8635488, 1.9998761, 1.5566676, 3.8589046, 3.7721817, 1.6467996, -2.0653915, -0.10428704, 2.901713, 2.9103858, -0.31472299, -1.1526507, 5.8692665
0.0024570024, -1.8336512e-05, 0.0073108017, -1.8796713e-05, 0.014909389, -0.00493884, 0.002400076, -0.005136432, 0.012189362, 0.009586087, 0.014637261, -0.0027533688, 0.0070510907, 0.0022665232, 0.014644552, 0.004666092, -0.00016284185, 0.00727904, -0.00034135816, 408.99054, 0.91990376, -2.0441496, 3.8046079, -1.148835, -3.1482723, 2.821043, 2.7228978, -0.0993093, 1.9106214, 4.916205, -0.29211614, -2.2758844, 2.7854908, -1.1976719, -1.0968387, 4.8650475, -1.2543808, 1.0476575, 5.941913, 0.7500989, 3.0192316, -2.9826007, -3.2498403, 1.9140214, 0.92698085, 2.8614926, -3.1027987, -2.2954202, -3.3582406, 3.8937032, -1.2202246, 2.8793557, -2.1491816, -0.105854996, 5.8299975, -0.15045136, 1.744943, -1.1991993, 2.9016895, -2.149378, -2.9078631, 1.8303663, 3.648739, 2.8581645, 5.909728, -3.0226357, 2.951237, -1.1372795, -0.23956226, 3.9098935
0.012285012, -0.007554643, 0.007397021, 0.007517113, -1.8311102e-05, 0.0074880924, -0.0048884763, -0.0049284995, 0.0049393387, 0.0045810146, 0.015042493, 0.0020384714, -0.00022195856, 0.012212673, 0.0097234845, -0.0024448712, -0.00022942208, 0.014376443, 0.0069694403, 0.0068901884, 404.94913, 4.9014297, 5.765685, 0.90099186, 5.8232627, -2.2519841, 0.8939331, 0.9030627, 3.7934968, 2.867166, 5.723252, 5.883616, -3.2111933, -0.22438416, 4.025968, 0.7211279, -2.3004284, 5.9348125, -3.0210035, -1.9569256, 1.0236626, 3.9456003, 4.754349, 0.8631519, -0.9667078, -3.1656241, 5.8444543, -2.2731347, -1.3049583, -0.16185644, 2.8770387, 4.866178, 2.9127393, -2.0343282, 2.8309107, 0.8725737, 3.8570366, 2.8057656, 5.905091, 2.7464461, 5.970604, 5.7311673, 1.7892783, -0.21047887, 3.8971174, 0.955432, -2.9995255, 3.944182, 0.8315576, 2.7358906
0.00982801, -0.007536306, 0.004963904, 0.0025235764, 0.012432982, -0.007326402, 0.0048957528, 0.0098624155, 0.0120309, 0.0023097242, 0.002322718, 0.0024594476, -0.000489953, 0.0050838203, 0.0046551223, 0.009669146, 0.0072377594, 0.014804922, 0.01238622, -0.007352145, -0.0004497609, 400.96454, 2.6574616, 5.8724236, 3.89157, -3.0960107, 3.8818583, 5.8788986, -0.21584539, 0.83552253, 0.7414093, -2.2007563, -1.2090983, 4.655755, 1.8767273, -2.114295, 3.8025193, 0.88852423, 2.908026, -1.0320247, 5.0047455, -3.02281, -2.3299387, -0.18018828, 5.0104914, 3.8091836, 5.7717204, 1.8105245, -1.3332067, -1.0926629, -3.2276685, 2.9216785, 5.8070526, 4.0485754, -3.2113998, 1.7848468, 0.7475671, 2.8953333, 1.9053657, 0.7527594, -0.15834998, 0.7593908, 0.6515376, 3.8765976, 6.1066504, -1.1777531, -0.08582412, 1.9846185, -2.0382948, 5.836458
0, -0.00746296, 0.009864484, 0.009906677, -0.0050068256, 0.00018912926, 0.002593191, 0.002407284, -0.0072929612, -3.436273e-05, 0.012414322, 0.012167684, 0.012243039, 0.009577375, -0.0024491912, -0.007317796, 0.007356531, 0.00452397, -0.007906279, 0.007027885, -0.007390815, 0.012412931, 400.89307, 5.9524913, 5.89576, 4.739782, 6.03421, -2.9879272, 3.929717, -2.0048118, -3.0757718, -2.9359188, -2.1425345, 4.82541, -0.9035983, -3.1024787, 2.6701221, 3.934427, 1.9076865, 4.010082, -1.1122378, 2.9814012, 2.9306805, 5.9946866, -0.038861588, -2.1312888, 2.966532, 1.9856993, 4.984505, -2.9994116, -0.95952815, 2.9796247, -0.30414143, 3.0134814, -2.9471004, 2.8272586, -3.003717, -0.072675265, 5.9881144, 2.8563876, 3.021159, -2.0884912, 2.917622, -2.3190475, -2.9892514, -0.91424817, 1.8824583, -2.1205244, -2.1487045, 0.8901791
0.0024570024, -0.0025059897, 0.012224857, 0.0074314685, 0.0099337045, 0.009893907, -0.0074092285, 0.002328197, -0.007492203, -0.005302894, 0.012278937, 0.009720502, 0.0051166466, -0.00024507963, 0.009815585, -0.00013191173, 0.012267072, 0.0071067656, -0.0077481777, 0.0022265457, 0.0076372367, 0.0147013115, -0.0054339725, 408.91116, -1.2093498, -1.0972128, -1.1078701, -1.1528488, -1.0687106, -2.2316248, 2.7799292, -3.187629, -1.0438933, 0.92603534, -2.1921914, -3.27379, -0.20056061, -1.1750493, -3.0799417, 4.006361, -0.016210334, 0.9086945, -3.106734, -0.8883071, -0.23972628, -3.048009, -0.1307883, -2.2135174, 3.9003737, -0.16125518, 3.9134088, 5.710102, 3.734964, 5.017323, 0.06541074, -2.1430552, -3.058372, -2.1209688, -1.1993625, 2.7859163, -0.008012742, -1.2753636, -2.1511064, 3.5804453, 2.796011, 0.8691282, -0.11652191, 5.574193, -3.1595397, 1.8811848
0.0073710075, -0.0075179697, 0.009847311, 0.0024804352, -7.385106e-05, -0.00476698, 0.009988235, 0.009837259, -0.0074418364, 0.0073425043, -0.0026140048, 0.0025455432, 0.012010091, 9.721173e-05, -0.0075058113, 0.004804825, 0.0025986992, 0.0121198185, 0.0049581393, 0.007461611, -0.0053399582, 0.007837346, 0.0043629697, -0.0027229087, 402.90958, 0.82325274, 0.94695735, -0.82398134, 3.8712425, 0.8063374, 0.81468827, 5.9601917, 2.8564384, 3.8608541, -1.1647083, 3.8938377, 0.9861118, -1.9777068, -2.009814, 0.99335736, -2.1290581, 6.0233016, -2.1480215, -2.0806112, -2.9623117, -0.9781217, 6.02493, 4.9305043, -3.0488498, 3.0129032, 4.9489536, 5.019911, -2.271128, -1.9665577, -2.0605974, 3.7642365, -3.0655959, -0.018561339, 2.8359954, -3.148713, 0.93498194, 5.951308, -0.22666654, -0.069026865, 0.15367293, 4.936887, -2.2175756, 2.0733104, -1.8776021, 2.8664157
-0.0024570024, 0.00996895, -0.005017448, 0.0075129345, 0.007600081, 0.009638168, 0.014676194, -0.0023969822, 0.012210418, 0.0047131074, 0.0021867496, 0.0069970014, -0.0075195325, 0.012227174, 0.012207386, -0.0002018561, 0.009250702, 0.0046034376, 0.012305858, 0.014400767, 0.009549798, -0.008388888, -0.0033962952, 0.004796218, 0.0023645158, 403.9821, -2.130727, 1.8803937, -1.1340114, -3.0556486, -2.236525, 1.805664, 1.7343694, 5.979545, -3.0509903, 0.8730848, 1.9714742, 6.1088905, -1.1389971, -0.94372636, -1.0172815, 2.981669, -1.1952825, 1.9769834, -2.9229066, -3.123839, -0.94788, 0.8437365, -3.1666772, -0.10454798, 1.7162168, -1.3362347, 6.0304193, 1.8059087, 1.6831455, -3.0585616, 0.82016224, -2.2886753, 0.7480453, 2.7583957, 2.8717716, -0.3238064, -1.2849121, 0.7736682, 2.7598855, 3.901927, 5.6961703, 3.8030026, -1.259294, -0.43282986
0.004914005, -3.6673024e-05, 0.0048662354, -0.0074693817, 0.009884299, 0.014716293, 0.0024974782, 0.00984279, -0.0027328853, 0.012085555, 0.014775867, 0.014787583, 0.0021068917, -0.0049743243, 4.707185e-05, 0.00686078, 0.007225871, -0.0024681254, 0.0146430805, -0.0073635844, 0.014576744, -0.0005700338, 0.0021179626, 0.009711547, 0.007099758, 0.009657061, 404.8912, -2.0891583, 0.67202395, 0.9649126, 3.8079228, 5.958066, 0.77606726, -1.3453771, 2.229698, 1.9638314, -3.1853936, 3.9564, 4.9180293, -0.13675354, 1.793118, 0.027058624, 0.03550902, 4.864766, 3.9512613, -3.3041306, 3.8862216, 1.9731194, 1.6049175, -1.0034527, 3.691759, -1.2956885, 1.7838249, 1.9285591, 0.885024, 4.039352, -0.19833297, -0.25308165, 5.763458, -1.3430882, -1.2986852, 4.6994762, -1.1914593, 5.838765, -2.2220993, 3.5313141, -1.2619133, 1.5069846, 2.9564366, 4.8276544
-0.0073710075, -0.002432644, 0.0073700696, -9.85564e-05, -0.0025558244, -0.0072563104, -0.0023823187, 0.01223598, 0.0047540013, 0.0075336555, 0.0073733707, 0.014970055, 0.011971927, 0.012165645, 0.007392707, -0.0075642234, -0.007355221, -0.005316007, -0.0007190434, -0.007345259, 0.014777738, -0.0028349676, 0.011925955, 0.002333974, -0.008014164, 0.0023476898, 0.0043148245, 402.0343, -3.1350522, 2.9492574, -0.3078213, 3.9318907, 0.83171797, 5.916071, -1.1640754, 0.9073796, -0.23620327, -0.021306146, 4.825468, -3.260972, -1.2054899, -1.2507546, -0.23547779, 2.819836, 1.8163608, 1.8857942, -3.0788624, 5.9083047, -1.1490113, 4.210667, 1.7541428, 1.9770739, 2.8533633, 2.9627707, 4.9596815, -1.0237302, 1.8381846, 0.8590176, 4.8523164, 1.7386178, 3.7123551, -0.08772269, -0.22023931, 0.981673, 5.106594, 1.0612148, 5.0545306, 3.8647363, 2.717946, 4.0114207
0.012285012, -0.007554643, 8.049574e-05, 0.012541833, 0.015037685, 0.014732252, -0.00258701, 0.012523908, 0.009484254, 0.0043981965, 0.009920958, 0.0046504615, 0.0020849265, -0.007561743, 0.014810614, -0.0053680292, 0.007055021, 0.014509753, -0.00767713, 0.009521149, -0.0028249298, 0.007290678, -0.00813779, 0.007053345, -0.0006093855, 0.0126733435, -0.0027504014, -8.382632e-05, 403.8477, 2.9558167, -2.115867, 2.8769145, -1.0834899, -0.12943023, -2.0433757, -3.1156332, 5.990895, -2.064308, -2.030648, 5.932958, 0.94814587, 1.8156147, -1.1976726, 3.8905408, 0.980716, 2.8325553, -2.1621318, 2.9644372, 2.90001, 3.8642693, -0.15407735, 5.707923, -2.13725, 3.8940048, 0.8786098, 5.7325673, -3.057334, -3.048886, 3.6615343, 5.7413564, 1.043807, 0.6781157, -3.2667718, 4.6472025, 2.8929162, 5.7815785, 3.8054192, -1.3178809, -1.0955613, 5.823529
-0.004914005, -0.0049386336, -0.0023546494, 0.0049506207, 4.19625e-05, 5.5738088e-05, 0.004957461, 0.0025059779, 0.009812161, 0.0148089565, 0.007460664, -0.0076038525, -0.0076289373, 0.012345118, 0.0026770832, 0.012598373, 0.0119936485, -0.0074436967, 0.00012406465, 0.014474046, 0.012187717, 0.009742532, 0.0016562643, 0.0020643757, -0.0032988288, 0.004560516, 0.0071139303, 0.010590268, 0.004566836, 405.93008, 2.8527107, 4.824391, 5.7832694, -1.1893386, 4.714716, -2.1921484, -2.1227148, 5.774253, 4.8076997, 2.7798536, 4.887016, 0.71991515, -2.1416795, 0.70742047, 2.8485594, 5.0538588, -1.8844687, -0.20541002, 4.7665386, 2.8696976, -0.032651737, 4.8400836, -2.0443869, -3.0368128, -3.2560897, -2.0155804, 2.6007483, -3.2020905, 5.926197, 1.8067907, 5.850473, 3.7735686, 5.9073143, -0.24764115, 2.6256325, 6.0039234, 3.8736935, -2.0467863, 5.911961, 2.754714
0, 0.0124382675, 0.004695823, -0.007474628, -0.007541512, -0.0049959966, 0.0024985522, 0.014806071, -0.0051246034, -0.002344791, -0.00016977696, 0.0050698253, -0.0048874766, -0.0048447135, -0.0025531808, 0.0024178978, -0.004871002, -0.007284916, 0.00986948, 0.0025079092, 0.009790801, 0.007343712, -0.0025931625, -0.007097062, -0.003086852, 0.011991778, 0.014505315, -0.004813068, -0.0054979855, 0.0023440002, 400.71997, -1.266, 4.879869, 1.9058189, 2.793489, -0.18970545, 0.7732001, -2.3204834, 0.9503679, 0.860603, 4.8350067, -1.305261, 0.8170312, -1.2811067, 0.9095648, 5.063983, 1.8385365, -2.1501803, 1.2151253, 2.9736598, -0.03885882, 3.9512997, 3.958963, -1.9710972, 3.9294963, -0.94164735, -2.0961273, -0.0034167145, -1.0383966, -2.9577549, 4.855365, 5.911983, -1.1457982, 1.041435, -1.0681744, 5.947085, 6.059916, 1.9105783, 3.037268, 2.9050002
0.0024570024, 0.014907584, 0.011970252, 0.007475547, 0.004991316, 0.002331819, 0.0122800255, 0.014749507, 0.009466862, 0.004590302, -0.0030373994, 0.014555352, 0.014482605, -0.0026703577, -0.007990366, 0.0015006474, 0.0070859496, -0.00035304087, 0.014493992, 0.0073616724, 0.0116657745, -0.0054973746, -0.00066085823, 0.0048515606, 0.011904084, 0.0021354775, -0.007904396, 0.0026301637, -0.005379035, -0.004766961, 0.009937766, 405.92654, 1.9474477, 3.6943052, 4.951809, 5.013162, 1.9777453, -1.0201402, 2.8421905, 4.916602, 1.154081, 4.847978, 4.8559775, 2.929209, 2.97938, 0.9954369, -1.1568174, -0.0030590356, -3.1324985, -1.0731422, 3.530771, 1.8179438, 5.7485623, -2.1019015, -1.1820469, 0.8796521, 5.7535467, 0.8596865, -0.28361985, -3.4234693, -1.2444464, -2.2764382, 1.5185251, 4.958282, 2.0100305, 1.8215135, -3.342735, -3.313027, -1.070886, -2.2431073
0.00982801, 0.014852575, 0.007075396, 0.0025678612, 0.009979367, 0.009624408, -0.00014590478, 0.012363084, 0.011843134, -0.0029479777, -0.007819946, 0.014680374, -0.007530905, -0.004771624, -0.008076317, -0.00095953746, 0.009582979, -0.005011048, -0.0022164895, 0.009797008, 0.0020946374, 0.014411123, -0.005143741, 0.009638152, -0.007793585, -0.00035121522, 0.009514408, 0.01305786, 0.01005312, -0.0024259952, -0.00010954832, 0.0071712034, 407.02582, 5.803061, -1.129138, -1.906884, -1.090798, 0.90234476, -2.1817882, -1.3035955, 3.1101499, 0.7872188, -0.24362157, -0.3661234, -3.1021073, 4.165909, 6.042602, 3.9562454, 3.9821622, 2.8030572, 3.813485, -3.2318156, -0.10362921, 3.8987968, 2.0082595, -1.9999138, -3.0166757, 2.0251024, 4.8842835, 2.7389798, 2.9052231, 2.840921, -3.2579167, -1.1791974, 4.7293086, -2.2169564, 1.7977729, 4.7011323, 4.051511, 2.832172
0.00982801, 0.012364921, 0.007111768, -0.0049197734, 0.014905419, -0.0051108357, 0.0023120686, 0.004822813, -0.005165204, 0.014273772, 0.0020787616, -6.652514e-06, 0.0022014396, -0.007338416, 0.014641491, -0.007889713, -0.007247957, -0.002742562, 0.0071905158, 0.007459672, -0.0075706756, 0.010165757, 0.009527943, -0.0051444247, -0.008016458, 0.007081794, -0.00753813, 0.012171737, 0.014633578, -0.005214946, -0.005348625, 0.009898463, -0.00030035953, 409.57812, 1.095394, 1.9249976, -0.41371378, -1.0763531, -1.9250051, -2.0810907, -0.01803799, 0.81200814, 4.831972, 4.8631234, 2.9661179, 3.8052735, 4.926133, 5.6733155, 1.9492788, 6.03631, 4.911284, 1.7925926, 0.0057953615, 0.69533753, -1.0356896, -1.0863141, 2.0070257, 0.9057262, -2.2809277, 1.9940777, -1.9077947, -1.9213914, -3.346176, 3.0083203, -2.0445328, 4.8870435, -3.183431, -2.0556126, 2.9026027, 4.9118576
0.012285012, 0.014834237, 0.0021919883, 0.0026110017, 3.9996998e-05, 0.0022607374, -0.0075573805, -0.004888929, 0.0023901495, 0.0044044405, -7.070377e-05, -0.0077507123, 0.012275686, 0.004626559, 0.0069631794, 0.0069805896, 0.0146301715, -0.005276055, 0.014681137, -0.0028602618, 0.0074120634, 0.002407356, -0.0077083227, -0.005058293, 0.0020466635, -0.004621019, 0.0068571754, 0.007344436, 0.002021026, 0.0023002157, -0.00048603246, 0.013974203, 0.0019628715, 0.011879099, 407.70114, 1.8562518, -0.033723805, 4.9954, -0.11214255, -2.274594, -1.0413599, 3.9241035, -2.318801, 2.9236472, -0.3141297, 5.7971454, -1.0924664, -1.2781016, 4.7795787, -1.2860132, -0.2796882, -1.053165, 5.9890003, -3.1014032, 0.9400179, 2.9309778, -3.2464795, -1.2046098, 2.0283344, -0.3707567, 2.9177227, 3.9414642, 0.8105764, -2.965534, -2.1673064, -3.12147, 2.958413, -1.2965221, -3.0643458, 2.7999926
0.004914005, 0.0024509805, -0.0073643457, -0.0049073678, 0.010000778, 0.0023115948, 0.009770756, 0.005046823, -0.00748138, -0.0073948484, -0.0026078473, 0.00013558748, 0.012266299, -0.0075594797, 0.012385603, 0.014730578, 0.012231401, 0.0074536647, 0.012539017, -0.0048264856, 0.0023679158, 0.0024373664, 0.0021938027, 0.0096538095, -0.0007712051, 0.015095802, -0.0073844353, 0.014438461, -0.007843492, 0.0069987075, 0.0067530386, 0.0063162227, -0.00796979, -0.0057766843, -0.0053895307, 407.75937, -0.11912474, -0.16077179, 1.8843766, 2.9870663, 2.9062061, 5.814303, 0.83362097, 0.10594276, -0.02796543, -2.072131, -2.0141604, 5.883083, 3.8971932, 4.9476705, -1.2087722, 3.7272885, -2.2264175, 0.8830694, 3.9561813, -0.21787198, 4.0212307, -2.0621676, 0.80264616, -0.17825405, 4.906001, -2.0935023, 0.7910974, 5.885109, -1.9844975, 2.7661865, 1.7866807, 2.6001954, -2.8862488, 1.7492
0.00982801, -0.0050486526, 0.014682899, 0.012455438, 0.004958223, 0.002579106, 0.004980708, -0.005064845, 0.004930926, -0.00037362284, -0.0076592215, -0.002780949, 0.007356969, 0.01486157, 0.009361035, -0.00010873251, 0.0023680567, 0.011499218, 0.007156962, -0.0025112152, -0.0051807747, 0.0074014403, 0.006704273, 0.0141543625, -0.0051476187, 0.0048605, 0.0019979877, 0.009381773, 0.0023888622, -0.00014268058, -0.002736542, -0.00018773731, -0.00027621907, 0.006922371, -0.0027503318, -0.00028476937, 405.68317, 5.968904, 0.8819103, -3.1863608, -0.11085382, 2.0084574, 5.010913, 3.7793982, -2.1937234, -1.0938429, -2.0292947, 5.63972, 4.6580086, 5.9399605, 4.7780924, -3.216484, -3.2000005, 1.7844671, 4.9927597, 0.8058374, 6.008298, 4.942672, 1.8502568, 0.63876796, -2.0486016, -1.1172837, 2.7560883, -2.2048595, 5.0791187, -0.9451339, 5.856055, 0.9921255, 5.9592743, -0.26717386
-0.004914005, 0.009987286, 0.0023048017, 0.004963627, 0.0025385325, -0.007476175, 0.004844365, -0.005039191, 0.009838375, 0.007255079, -0.0027645174, 0.012216019, -0.0075504193, 0.002560044, 0.0022851613, 0.0021339606, 0.0022039209, 0.010002054, -0.007343966, -0.007232746, -0.00018366659, -0.00530603, 0.0147477165, 0.011692713, 0.0025418007, 0.0048511135, 0.009641653, -0.004987151, 0.014392734, 0.013843639, 0.011854099, 0.004706648, -0.002950806, 0.0070332913, 0.013799542, -0.00034871744, 0.014730337, 406.55145, 5.700696, -3.0281825, 2.6100426, 5.5330935, -2.9080806, 3.6441548, -3.3078918, -2.234882, 3.8768504, -2.1623156, -1.1694927, 1.0017049, 1.8198509, -2.058303, 2.923991, 0.9036068, 6.042739, -2.116815, 5.086786, 2.9064002, 0.9330836, 3.7773051, -0.06174673, 6.0423794, -3.130883, 4.994207, 1.1109456, -0.028101707, 0.904098, 5.979962, 0.9188407, -0.076460816
-0.0024570024, 0.014944257, -0.0050901924, 4.4190925e-05, -0.007406479, -0.0001784548, -0.007513336, -0.0073543275, 0.009870294, -0.007416882, 0.014967319, 0.00952747, -0.007310149, 0.0070541343, -0.0026426308, 0.007316632, 0.004491149, 0.00288117, -0.0024941994, -0.0028886558, 0.0051115137, 0.009324586, 0.0053485977, -0.00029829744, -0.007692504, -0.0005319166, 0.0070644123, -0.0022702194, -0.003558727, 0.009349852, 0.0011557199, -0.0005920272, 0.011269487, 0.0113831265, 0.01161967, -0.0074165664, 0.0022057437, 0.013860154, 405.86694, -0.9549114, 0.5847907, -2.3650017, -3.1717448, 0.7030831, 3.8826659, 1.7753862, -1.3554943, 2.0251532, 0.88724613, 1.8163944, 1.9536079, -2.0238485, 5.876422, -2.9957976, 3.0610492, 2.0101683, -3.1048732, 5.774185, 2.1474385, -0.15731691, 3.9297187, 2.9028106, -3.086955, 0.934043, 1.7243698, 2.013496, 4.167353, 5.780098, 0.90236866, 3.7781334
0.014742015, 0.0023776344, 0.0023681247, 0.0025978826, 0.012477631, 0.0023481792, 0.004813571, 0.009961128, -0.005167884, 0.014260944, 0.007255862, 0.014752022, 0.009275679, -0.0074775494, -0.00010702582, -0.0031928588, -0.0025552516, -0.002671652, -0.0026965153, -0.0048416457, 0.009507658, -0.0028661287, 0.012240478, -0.0025514336, 0.0076534683, -0.0023214177, 0.009928671, -0.0028192205, 0.011830835, -0.0051917545, -0.00010417497, -0.0025587461, -0.004717459, 0.009635149, 0.009761021, -0.0072106174, 0.009711848, 0.009398774, -0.0026099244, 410.0943, 0.9175197, -2.097028, 3.0247016, 1.7205195, 2.939083, -1.0246823, -3.234345, -2.9303086, 3.8925602, 5.108079, 5.839135, 1.844491, 4.7628317, 2.9044833, -0.9640124, 5.827431, -2.0065167, -2.1130319, 3.6788392, -0.25768748, -0.1985005, 4.941655, 0.6868646, 1.0234101, 0.068305396, -3.320615, -3.2141335, -1.2280555, 1.923344, 2.9626493
0.0073710075, 0.014870911, -0.0051130885, 0.0075989915, 0.0051196357, 0.0046515157, 0.0047199954, 0.0076013072, -0.0075438675, 0.0020199432, -0.0076774894, 0.012288493, 0.012194342, 0.0022157307, 0.0047111316, -0.005496663, 0.0121282935, 0.011993268, -0.007248997, 0.0070934882, -8.97668e-05, 0.002177705, 0.0120409895, 0.009358852, 0.014575296, 0.00520921, -0.007932171, 0.0073925243, -0.007856367, 0.011480046, 0.0019607996, -0.0029468944, -0.00043051722, 0.0041815266, 0.0024341273, 0.001761784, 0.0074079204, -0.005068189, 0.0068702805, -0.0049360455, 407.85324, 3.9211266, -0.2419438, 2.8893483, 0.028093388, 0.77608675, 2.6829855, -0.9621905, 5.054715, -2.0068574, 3.7822104, -1.2052027, 4.824723, -2.2083106, 5.1271405, -1.286948, -1.7911038, 3.8908203, 5.665243, 4.647261, -2.1010432, -2.909821, 5.751441, 2.9079208, 4.0379853, 3.8559935, -2.307362, 5.695204, 4.992286, 2.7569127
0.0073710075, 0.0074079507, -0.005003973, 9.876283e-05, 5.6553425e-05, 0.002310992, 0.009795353, -0.004825207, 0.004939553, -0.000114231465, -7.315609e-05, -0.0052349325, -0.00010470246, 0.014710465, 0.0071515525, 0.009927583, 0.0021145437, -0.0027712176, -0.0021977704, -0.0075279293, 0.009811501, 0.009285795, -0.0051524797, -0.002624047, -0.00024024319, 0.01196103, -0.0053713517, -0.002696653, 0.0047808024, 0.011430512, -0.0033291944, 0.0118427, 0.0016651127, -0.005254011, 0.0041015567, -0.008428933, -0.005539857, 0.0022063993, -0.0027979098, 0.009519298, 0.009314077, 407.8926, -1.1791261, -0.17173526, -1.1246221, 1.8240536, 1.1055292, -3.2577736, -0.07935904, 2.904887, -0.0785259, 2.91075, 2.851553, -0.10075347, -3.014759, -0.09541868, -1.1226441, -0.19139859, 2.0322149, 3.8269317, -1.1108779, -2.0914977, 3.8391688, -3.0799935, -3.2103422, 1.9948001, 3.0434215, -2.124256, 0.8979844, -2.2772043
0.00982801, 0.009877267, -0.0026072268, 0.0050985967, 0.010057986, 0.002243874, 0.014639824, 9.8527664e-05, 0.0072415234, 0.007003097, 0.012123314, 0.011900772, 0.004448021, 0.0021959776, 0.007174879, -0.0029885934, 0.009369816, -0.005194116, -0.005117561, -0.0051614298, -0.00035699274, 0.014164322, 0.0023430143, 0.014363287, -0.00515105, 0.0067038797, -0.0048187403, 0.0125035895, -0.0025362365, -0.007125745, -0.0024920811, 0.0074879825, 0.012350125, 0.008540664, 0.0148481, -0.002315232, -0.003404106, 0.006986583, 0.00010402009, -0.007378702, 0.009921666, 0.009252495, 408.87112, -0.2642064, -0.8671587, 3.8475642, 1.7149435, 5.931338, 5.816889, -2.0259066, -0.16727723, 4.6985474, 4.64807, -2.3088908, 5.999859, 2.7831905, 1.9964625, -1.187578, 3.9007654, -2.2882407, -3.037263, -1.1120948, -2.2933812, 4.7166867, 5.8195868, 1.8335327, 4.7923694, 1.5809357, 3.8259094, -2.3013206
0.012285012, 0.0023959707, 0.002373849, 8.5737905e-05, -0.0074931732, -0.0024625384, 0.007444737, 0.002569097, -0.004896241, -0.0025119572, 0.012448141, -0.0052606654, 0.014608752, 0.007041482, -0.007616628, 0.014889218, -0.0026366075, -0.0026228626, 0.0024265116, 0.01197037, -0.00760642, 0.014933413, -0.002311438, 0.012287616, -0.00028215215, 0.014813869, -0.0053702565, 0.0046735597, -0.0006440468, -0.0052170786, 0.009209036, 0.009316695, -0.00047230284, 0.008856952, 0.004565097, 0.0044001364, 0.011474061, 0.009407163, -0.0024267624, 0.002277668, -0.0027618483, 0.0038365999, 0.013876911, 403.78696, 0.8783156, 4.896904, -3.3687708, -0.2556209, 5.904813, 5.837258, 5.9713793, 5.930836, -2.4146857, -0.11129083, -2.0351217, -0.083522625, -2.142927, 2.9520235, 6.138043, -3.1280725, 2.016424, -3.040214, 2.7665083, -2.1614728, 4.7587404, 2.0399177, 3.0111716, 5.8222, 2.1215532, -0.30668724
0.00982801, 0.004901961, -0.007412167, 0.015085894, 0.010155489, -0.007557229, 0.0046670926, -0.002288492, 0.014670921, -0.0077468934, 0.014785631, -0.0030327893, -0.0051392415, -0.005283951, 0.0023067477, -0.007494497, 0.004480354, 0.00018595335, 0.009541383, -0.00047547263, -0.0052602305, 0.0021794813, -0.00750522, -0.0022792544, 0.014730163, 0.012250261, 0.0141475, 0.0028453819, 0.004145017, 0.009404335, -0.008411567, 0.011274534, -0.006139352, 0.0020796803, 0.011750334, 0.0013357862, -0.007519195, -0.002696936, 0.0018802548, 0.0018302248, 0.002410456, 0.0061724074, 0.0140689, 0.0018097989, 408.84753, -3.1688724, -1.1852407, -1.139065, -3.0006516, 0.89394647, 2.020829, 3.854008, 1.8940282, 5.887672, -1.1618418, -3.1319125, -1.145592, 0.95524764, -0.964513, -0.920386, 1.1290002, 5.8080983, 1.8002234, -3.1085129, 4.9763994, 4.994768, 5.047144, -1.0301589, -0.12760374, 5.8425236
-0.0073710075, 0.0050303163, -0.0073720976, 0.014957335, -0.0073036016, 0.009767066, -0.0074940184, 0.015074662, 0.014510602, -7.5114556e-05, 0.000105939136, 0.0022538085, 0.0073558795, 0.0069594136, 0.009918806, -0.005093175, -0.005348579, -0.000408513, -0.0054355874, 0.0070137307, 0.014714414, -0.00046752824, -0.0029534511, 0.004811415, -0.00028792766, 0.009575075, 0.0024224715, 0.014775269, 0.002080557, -0.0027619188, 0.0021550967, 0.01452728, -0.0005705461, -0.003606346, -0.0024512478, 0.009472629, 0.009110373, -0.007895869, 0.012033095, -0.00010651286, 0.004358821, -0.007468612, 0.0019389304, 0.014174811, -0.0003272418, 400.77515, 5.0694857, -1.2912564, 6.11088, 0.029474074, 5.759381, 3.9004095, -2.9795876, 4.8873277, 1.9410952, 4.975378, -0.17711397, -0.1109949, -1.2516286, 5.6988254, 1.7935988, 4.7905445, 5.858224, 4.958067, 4.8951077, 6.1032925, 4.049092, 1.790951, -3.1670082, 3.834464
-0.004914005, 0.0025243263, -0.0073414496, -0.0024870513, 0.005030691, -9.738707e-05, -0.0025618703, 0.009962886, -0.0026227087, -0.007281988, 0.007448609, 0.0075836806, -0.0073261796, -0.0050246925, -0.0022460085, 0.014883368, -0.007555994, -0.004426192, 0.014798853, 0.012332374, 0.0148049025, 0.0046996437, 0.0047526844, 0.0075655556, 0.0025792434, 0.015021642, 0.014317131, 0.0072567957, -0.005452398, -0.007503249, -0.00011379984, -0.0053120377, 0.0048245746, 0.0043403385, -0.007209787, 0.0073616593, 0.010111309, -0.0054062502, -0.0004009744, -3.3518518e-05, 0.0075235916, 0.00014189925, 0.012079552, 0.009498458, 0.0020769334, 0.014931747, 405.7037, 0.87209344, 0.011148233, 0.0076803816, -0.05794199, 5.710108, -3.1403072, 4.979453, 3.8715374, 4.1702275, -1.1974999, 1.9082725, 5.8268213, 4.024102, 1.7686179, 5.779339, -3.148016, 2.939699, 2.6914139, -0.15250164, -0.01809174, -3.2055805, -0.9145074, 3.7693877
0.0073710075, -5.5009532e-05, -0.0073336978, -0.007389078, 0.0024938316, -0.007454598, -0.0074984627, -0.0073478464, 0.0025159018, -0.007362937, -0.0022991921, 0.00016492722, -0.00010188152, 0.012373434, -0.00024504907, 0.0049811164, 0.009912134, 0.010122442, -0.006906715, -0.00020752334, -0.007146864, 0.0050271167, -0.004882552, 0.0022642473, -0.005173016, -2.1041735e-07, 0.0125411535, 0.0050848923, 0.005268464, 0.009963432, -0.0022988103, -0.00039954585, 0.01474037, 0.007034535, 0.002183398, 0.0048648324, 0.0003279469, 0.011792487, -0.00080775376, 0.0048446706, -0.0073599773, 0.012131149, 0.009912549, 0.0068365945, 0.012192231, 0.006922956, -0.00011188821, 400.79645, 1.9184911, 1.8414742, 3.0357468, 2.1386445, -0.028991647, 3.1030946, 4.0479198, 0.93531567, 5.0461864, 2.9774985, 4.2614913, 3.9768202, 3.0710337, -1.8389909, 1.0251753, 1.9644293, 5.9118767, 0.030824535, -1.8504705, -0.9874167, 5.020766, 4.9709086
0.0024570024, -0.0025059897, 0.0024694898, -0.002494098, -0.005031218, 0.014808356, 0.01001728, 0.00499442, -5.260879e-05, 0.00498784, 0.014931988, -0.0077660047, -4.7502155e-05, -0.0050770747, 0.010123931, -0.0047255913, 0.0072084325, 0.007155364, -0.0074553764, -0.007639768, -0.0050445055, -0.0026922354, 0.0026053805, -0.00018904058, -0.0051155677, -0.005144683, -0.00031235407, 0.014977459, 0.014789818, 0.011840603, 0.014451505, 0.012110252, 0.0018791516, 0.002220735, 0.004500939, 0.0021688524, -0.0077907434, 0.0004229007, 0.01460314, 0.009375961, 0.0041611493, 0.0024204452, 0.0042438665, -0.0031378553, -0.00062187697, 0.011841484, 0.010022969, 0.009325609, 403.8986, 2.9578424, 0.9967964, 4.9127154, -1.0062274, -0.05541712, 4.9552426, 1.7998502, 2.0641837, 4.971938, -3.1048408, -3.0475757, 4.1003776, 5.843817, -2.0157275, 2.8140798, -2.947245, -3.0692635, 3.9368317, 4.8290515, 5.9509435, 4.9709706
0.012285012, 0.012346584, 0.009544886, 0.0050613214, 0.0049851295, 0.0023211583, -0.000107597225, 0.012362595, -0.002769939, 0.0043929126, 0.012131767, -0.00531998, 0.004851612, 0.0046386, -0.00034141794, 0.0046642446, 0.014599715, 0.0071543097, -0.0023367465, 0.004383003, -0.007486385, 0.0023922757, -0.0027840794, 0.014515874, -0.00051174866, 0.009602323, -0.0025905077, 0.0023898282, -0.0031723517, 0.014249733, -0.0010346211, 0.014244028, -0.008304661, 0.008889074, -0.007927903, 0.008975669, -0.000356192, -0.005266886, 0.004461795, 0.013981534, -0.0030283877, -0.005352961, -0.008101347, -0.0056567346, 0.0066836467, -0.0048810467, 0.012594138, -0.0004263976, -1.2481798, 404.72424, 2.7655027, -0.18809842, -1.2349142, 5.8775353, 3.956643, 4.865, 5.860293, 3.9102333, 1.9684633, 0.71409, 4.019765, 5.921081, 2.7254422, 5.7233033, -0.18421651, -1.1654752, 2.8622546, 3.6830282, 4.994739, 5.845196
-0.0024570024, -0.007444624, -0.0023240012, 0.007456469, 0.002548086, -0.004845061, -2.3076032e-05, -0.0049335016, 0.007468453, -0.0073094345, 5.896382e-05, -0.007504649, 0.0025251887, -0.005037865, 0.007492641, 0.0076405965, -0.00010079489, 0.01001495, 0.0047697923, -0.0048332745, 0.0023751166, 0.015160434, 0.012157609, 0.0018595353, 0.011880556, 0.012384778, -0.007952115, 0.002109321, 0.012249725, -0.002459799, -0.0073976447, -0.0028755444, -0.0048255324, -0.0030801687, 0.005154453, -0.0021655906, 0.0044696615, -0.0075999144, 0.0027476205, 0.009575537, 0.007759402, 0.0026561979, 0.014341566, 0.0024191919, -0.0048305253, 0.012178348, 0.0071746935, -0.0057467856, -0.09668678, 0.014577059, 409.02628, -0.13347812, 3.8401904, 4.9228005, 5.01929, -1.1952578, 3.9515762, -1.0248195, -1.1510438, -3.058778, 5.003282, 5.8827486, 0.9092521, 3.9524963, 6.06021, 3.1022, 3.0525222, 3.0181794, 5.095523, 0.8356015
-0.004914005, -0.0049386336, 0.0122784, 0.009863854, -3.0817406e-05, 0.00016359736, 0.0050426787, 0.0147191165, -0.005063456, 0.00977314, -0.00022101584, -0.0024833402, -0.0024309275, 0.007502576, 0.000113318616, 0.00020987661, 0.009876135, -0.007858091, 0.012117179, 0.0072518704, -0.002603453, 0.00018350083, 0.006636299, -0.004912657, 0.005033799, -0.0024496245, 0.014860718, 0.012330451, -0.002918871, 0.0017271435, -0.00044161838, -0.0027381715, -0.0053186985, 0.0019043282, 0.0001619707, -0.0030157971, 0.0071016313, 0.0022228835, -0.0029834365, 0.0028100577, 0.009458649, 0.0022727258, 0.011838952, -0.0053594816, -0.0073965653, -0.005147231, 0.0016545958, 0.012452278, 2.8642554, 5.019416, 4.954287, 400.8805, 2.030219, 2.9676218, -3.1407936, 1.0081363, 5.7749867, -2.0377975, 4.8313584, 0.86897147, -0.162671, -1.1460916, 0.90911293, 5.814402, 4.033137, -3.030929, 0.7187081, 2.075399, -0.06896648, 3.948453
-0.004914005, -0.0074262875, 0.0147536155, -0.000129947, 0.004858451, -0.0022694776, 0.014986633, 0.004680237, 0.0023983235, -0.007157119, -0.005311169, -0.007396743, 0.0026225874, -0.0022818132, 0.0072838436, 0.010115552, 0.014842795, -0.00770037, -0.0024159525, 0.0051880055, 0.004770305, -0.0073989956, 0.012097285, 0.007273869, 0.0026102844, 0.012394023, 0.0047753276, 0.007341432, -0.005103013, 0.0019641416, -0.00013187176, -0.002512238, 0.012358996, 0.009334709, 0.014979682, 0.0023156656, 0.0076751527, 0.0065509756, 0.014534918, 0.0002690846, 0.0070745694, 0.0019089666, 0.009555959, 0.0021483295, -0.0024649445, 0.014510707, 0.001738396, 0.009636232, -3.1649225, 1.8886467, 1.9183047, 2.7645953, 403.94116, 5.037042, 2.8478482, 4.8418045, 2.9553263, 5.2134237, -3.1050184, 5.9381022, -3.005011, 0.8199494, 5.834071, -0.25080204, 3.1117811, 6.0839953, 3.821016, 5.9078717, -2.984819, 2.030751
0.00982801, -7.334605e-05, -0.0024617382, -0.002407929, 0.009976425, 0.009737358, 0.0073443456, 0.0025581329, -0.00013814107, -0.0050940607, 0.0023998853, 0.0023707636, 0.014601867, 0.012092523, -0.0003300336, 0.00958822, -0.007593199, 0.007054924, 0.009939162, -0.0024844077, 0.009690193, 0.014314927, 0.01458479, 0.0044817924, -0.0058683455, 0.014487768, 0.0016740274, -0.0050687254, -0.0034703957, 0.0027229218, 0.014436201, 0.014570194, 0.0112895025, -0.008597662, 0.002072899, 0.012179894, 0.004320473, 0.01411201, -0.005326629, 0.0043816413, 0.011459321, -0.0034512451, -0.0004117663, -0.00077132485, -0.00033545226, -0.005764414, 0.0040288176, -0.008118797, 5.7127757, 6.1087675, -1.1899903, 5.7470503, 2.6246595, 405.79147, 6.0606294, 4.8972907, 5.8954344, -3.26029, -3.301463, -0.28260735, 0.7400389, 5.8502364, 3.6286387, -3.038725, -0.19606335, 2.883229, 0.8911782, -3.1983614, -1.9626507, 3.618902
-0.0024570024, -0.0024693168, 0.002480938, 0.007444288, -0.007451546, -0.0048221922, -0.0048999293, -0.0049597286, -0.0022897644, 0.009782997, -0.007357026, 0.002507138, 0.012226381, 0.012256681, -0.002520035, -0.007475002, 0.0099839475, -0.000382242, -0.00512155, -0.0026141314, -0.0048174635, 0.01525076, 0.007162225, 0.0018754865, 0.009371423, -0.00012748965, 0.010152206, 0.0052050776, -0.0072735883, 0.0001591314, 0.012450799, 0.012163072, -0.0002074486, -0.0008152707, 0.0071143317, 0.009505558, -0.007865884, -0.002561027, 0.012033558, 0.007157524, 0.004473269, -0.005343949, -0.007329847, -3.7593367e-05, 0.012009744, 5.078234e-05, 0.0021658866, 0.0025750217, 3.9238973, -1.9225264, 4.0058475, 3.13085, 3.9257104, 1.9115616, 405.1701, -3.1064398, -1.9622236, -1.0893645, -1.9688656, 1.7538418, 2.9586365, 0.20448773, 0.10365242, 4.9812083, 0.06980007, 6.1337776, -0.07786291, 4.0494018, -1.0289968, -3.0267382
-0.004914005, 0.01247494, -0.005048096, 0.005007087, -0.0023881097, -0.0050795637, -0.00013655252, 0.0025437837, 0.009750338, -0.004934149, -0.00011685419, 0.0023184991, 0.014741721, -0.00045563598, -0.007650227, -0.0028702356, -0.00017759392, 0.012496701, -0.0025487102, 0.012044886, -0.0075742514, 0.01501246, -0.0075265532, -0.00029106633, -0.007657102, -0.007903656, 0.0046239584, -0.0022278607, -0.0026833762, 0.0001346463, -0.0054044635, 0.009783392, -0.0031120023, 0.0044955197, 0.014153463, 0.0049489113, -0.0024623284, 0.0023825974, 0.011747694, -0.00014831178, 0.004440684, 0.0026432436, 0.0147912465, -0.0029921068, 0.004387429, -0.0005354758, 0.00527071, 0.0070746387, -1.8391228, -3.0402997, 3.9092941, -1.8882296, -0.1821923, -2.0812955, -2.9699557, 408.8785, 3.9160092, 5.886374, -1.0176625, -0.050810736, 1.1225289, -1.9645463, 1.816894, -1.9725568, -1.0768555, 0.16394883, 4.9915133, 4.9445443, -2.9867508, -2.1688056
0.0024570024, -0.004993643, 0.009822388, 0.002450001, 0.0024264276, 0.0025723674, 0.002555035, -0.00756616, 9.368847e-05, 0.009678085, -0.007551001, 0.009882213, 0.007199775, 0.00018425337, 0.0047738883, 0.011976333, -0.0049574273, 0.012084993, 0.0023174367, -0.0069303596, 0.009610058, -5.9413538e-05, -0.0054870294, 0.0021190527, 0.014507878, 0.004844008, 0.012156354, 0.012495718, -0.0026129666, 0.0022119174, -0.0006303177, -0.0035326448, 0.0071648634, 0.0042465185, -0.000173924, 0.014487738, 0.012057791, -0.0055673695, 0.010033011, 0.0024212375, 0.0073424038, 0.0018377013, 0.0020513802, -0.005151403, 0.011959906, 0.005037005, -0.00070764835, 0.013812528, -0.16455147, -3.0317254, 4.760808, 4.982834, -3.1887636, 5.033185, -3.0086148, 1.8918071, 402.95178, 0.8656644, 5.8684783, -2.3108466, -1.1292328, 1.8674204, 0.8688031, -2.9965556, 2.0760374, -2.1398547, 5.875504, -1.0957531, 1.9811805, 2.8677888
-0.004914005, 0.014962593, 0.0119874235, 0.00991423, 2.1361819e-05, -0.0074536526, -0.0025517435, 0.0072576595, 0.012067143, 0.0070896265, 0.0020897812, 0.0021796813, 0.002419957, 0.009660849, 0.011990402, 0.009588539, 0.0021555496, 0.012072122, -0.0002770752, -0.0025822893, -0.00015403597, -0.0076332856, 0.014297884, 0.006757824, 0.011817395, 0.014094705, 0.01439471, 0.010311697, 0.0068125473, 0.014430476, -0.008243107, 0.011153394, -0.000747869, -0.006392644, -0.005339813, 0.0071057435, 0.0019385319, 0.009078295, 0.004117164, 0.0063058254, -9.763644e-06, 0.004063162, -0.0031206638, -0.0035800266, -0.00015137544, 0.0005343969, 0.0071155317, 0.011826789, 2.6903596, 4.846681, 1.5965799, 2.9056969, -2.08744, 1.8797017, -3.0595596, 4.8440146, -1.2010592, 407.82587, 2.84134, -0.4300552, 5.866613, -2.1029649, 5.604442, 0.93546385, 6.077461, 3.0329757, -3.0738626, -0.11989553, 1.8232319, 2.8445396
0.004914005, 0.012401594, 0.0046843747, 0.007524778, -0.0074303052, 0.0023638555, -4.4826225e-05, 4.362592e-05, 0.009764161, -0.0051417244, 0.012324825, -0.005538896, -0.0048145833, 0.0021705825, 0.004673598, 0.0074385325, 0.006953031, 0.0073707434, 0.012145473, 0.0019390074, -0.0051046987, -0.0077218423, -0.007498701, 0.0122946, -0.0025763921, 0.009691832, 0.0072861756, -0.002607445, 0.014227273, -0.0077317934, 0.009264662, 0.014417201, 0.00676352, 0.011383881, 0.014698092, 0.004493138, -0.00029957268, -4.168085e-05, -0.0024803344, 0.0069986125, 0.0072110975, 0.014111306, 0.004086275, 0.011581988, -0.002526128, -0.00065930834, 0.012172884, 0.0022197491, 3.8041532, -0.3292781, 1.7661045, 2.8637023, 0.9499168, 3.926114, 2.8105373, 2.9597414, 5.836575, 2.9266663, 410.11826, -3.1972966, 5.0383162, 4.7692914, 5.826935, -3.1562645, -1.1047468, -0.027400728, -1.9577495, 1.791137, 3.9645782, -3.25251
0.014742015, -0.0025976724, 0.009757396, 0.015017023, -0.0024619787, 0.0049942597, 0.014863623, 0.009990981, -0.00011245931, 0.0143625075, -0.0026659563, 0.012010404, 0.009318709, 0.009902755, -0.0077494867, 0.011872808, 0.0070072496, 0.0043110107, 0.0024088938, 0.014607118, 0.011630548, -0.0054348386, -0.005910005, 0.01219782, 0.009438269, 0.0070672943, 0.009787829, 0.0054011885, -0.0010774026, -0.0059248875, -0.0037059765, -0.008064431, -0.00058422104, -0.005588172, 0.012439921, 0.006457394, -0.0004275881, -0.008135913, -0.0073916093, 0.009754538, -0.0005447087, 0.008885685, 0.0067113875, -0.0030527266, 0.007510752, -0.00028442405, 0.014241869, 0.0026602382, -3.1539342, -2.1669197, -0.32085076, 0.83211416, -1.3637489, -3.002866, -3.2184644, 0.7898323, -1.2040899, 0.8882982, 3.8057075, 403.4652, -3.2961082, 5.715824, -0.34857672, 3.7810562, 4.9429975, -3.2176871, 3.654678, -3.1969237, -1.002635, 0.6324822
0.0024570024, 0.009932277, 0.009604155, 0.0024877826, -2.8460552e-05, 0.012227093, -0.002466155, 0.0123230815, 0.0119396355, -0.0026982604, -0.00767667, 0.009753611, 0.009794074, 0.014683527, -0.0031429322, 0.009190608, -0.002748472, 0.006897838, 0.012249574, 0.014629466, -0.0028015568, 0.0020958974, 0.014448528, -0.0028444221, 0.002162806, -0.0034545956, 0.014180185, 0.000373495, -0.006129312, 0.006878932, 0.01430404, 0.009697, 0.0037240607, 0.0035200499, 0.011638038, 0.0045039114, 0.00707915, 0.001588521, 0.0016306132, 0.007145093, -0.0032049692, -0.0030586808, -0.0076436275, -0.0009982589, -0.00321021, -0.005842678, 0.009206587, 0.0068795546, 3.7203727, 4.900206, 2.6439335, 4.9258866, -3.0578823, -3.1021402, -3.0384576, 5.9818206, 1.8024081, -0.17698267, 3.7457974, -3.4605541, 400.72916, -3.179469, 4.5345755, 2.0100708, 0.89042103, 5.968005, 1.7751777, 2.9119, -1.01997, -1.3130755
-0.004914005, 0.01247494, 0.007146113, -0.0075237467, 0.0049100406, -0.0074840835, -0.0049959677, -0.0051868954, 0.004852095, 0.0048242607, 0.014654446, -0.007594411, -0.0048209704, -0.00015479565, -0.0025989267, -0.0074966154, -0.004826811, 0.005224393, -3.6004716e-05, -0.0050561475, 0.012531644, -0.0051567852, 0.014935716, 0.0045659277, 0.009521293, -0.007819113, -0.00042712805, 0.009965063, -0.0052756905, 0.0027611456, 0.0044489517, 0.0068930676, 0.012054019, -0.0008598474, -0.00021807241, 0.012471946, 0.0074014664, 0.004733351, -7.2705785e-05, -0.0076269116, -0.0048740185, 0.009178264, 0.004641561, 0.0069342013, 0.012477237, 0.00035953155, 0.0018928408, 0.014169075, 5.758495, 4.0172477, -1.107367, 2.9150214, -2.9990048, 2.9190743, 4.97136, 5.0791965, 2.8884683, -2.1526759, -1.070867, 6.068024, 3.0470212, 407.0161, 3.892716, 0.09657725, 5.8814826, 2.0565307, 5.1759014, -1.9886694, 1.9117011, 1.0851226
0.012285012, 0.0073712775, 0.0071787885, 0.015036232, 0.015040429, 0.002316827, -0.00021208484, -0.0024898057, 0.014547571, -0.0055830264, -0.005306084, -0.00043397106, -0.004948883, 0.007399309, 0.011691825, 0.009464323, -0.0028872215, -0.007908986, 0.0071968324, -0.007330922, 0.00467782, -0.005578477, -0.0002786865, 0.0049348776, 0.014566425, 0.0049190093, 0.004578264, 0.0073383236, -0.0005380075, 0.0067198225, 0.0018558, 0.0016265629, 0.009348374, 0.0018487804, -0.0026796893, -0.0054428163, 0.0024644122, -0.0077072987, 0.014725838, 0.0120933885, -0.007273194, 0.014203698, -0.00024111029, 0.0024857717, 0.006994854, 0.0018571031, 0.011785545, 0.0017308964, 5.7336836, 1.8296906, 5.7338114, -0.27240092, 3.9452891, 0.8340825, 3.9557228, 1.9985589, 2.8493426, 1.9682823, -2.0761576, -3.2951674, -1.1371627, 1.7855947, 409.66443, 5.920351, -1.0670673, 3.9082797, 4.954167, 0.8792958, 2.8470242, 3.8320465
0.0073710075, 0.0074079507, 0.014506763, -0.0049878955, -0.0026207964, 0.012293775, 0.0025831542, -0.007589396, 0.0073416377, 0.0022406406, 0.0023116514, 0.004571148, -0.0073697804, 0.012505859, 0.0044075698, -0.00027459633, 0.014589448, 0.0069832527, -0.0047343834, -0.0075927526, -1.5663267e-05, 0.011878957, 0.0023297009, 0.0067205355, 0.0069791935, -0.00023633531, -0.0051903417, 0.014810104, 0.0121480245, 0.0019406936, 0.012051124, 0.009731869, -0.005128052, -0.0057453527, -0.00031244138, 0.002136917, -0.0055637946, 0.0072610206, -0.0053309994, 0.0070272544, 0.0070506027, -0.0011493939, 0.014387702, 0.014390769, -0.002838534, 0.00696448, -0.007954205, -0.0005575777, 0.65335876, -3.2351844, -0.1551056, -2.132215, 1.9231713, -1.0780565, 2.0386693, 3.8906705, 5.041976, -0.14655991, 1.0494014, -1.3366165, 3.9825485, -1.1349207, -0.1055376, 406.7365, 4.8107533, 2.9267576, 0.9392449, 1.7784923, 5.913079, 4.793068
0.004914005, -0.007499633, -0.0072188573, 5.500293e-05, 0.010011668, 0.012262724, -0.007481171, 0.0026074646, -0.0074548814, 0.0046909153, -0.007279581, 0.010182433, 0.01213296, 0.004900137, 0.014927697, 0.007125584, 0.00738372, 0.012049412, -0.0048404457, 0.01227786, 0.012457268, 0.004888529, 0.0066888896, -0.005358782, -0.0007345986, -0.0051102727, -0.0054289307, 0.010138084, -9.051003e-05, 0.009256987, 0.009885045, 0.01170766, 0.002047653, -0.00032351865, -0.0034958746, 0.011371965, 0.0045846514, -0.0077667823, 0.001946265, -0.003040801, 0.012021783, -0.0077379826, -0.0006199316, 0.007256374, -0.008014463, 0.011687137, 0.012275237, 0.0040178485, 5.9334273, 1.9803799, 5.8556724, 3.8317454, 2.946892, -1.9944192, 6.0206933, -3.197575, 2.0056078, 2.820011, -3.4002855, 5.6564956, 3.8004699, 5.915556, 3.8326256, -1.1050335, 404.88074, 5.807644, 2.765104, 2.7368174, 0.95636564, 5.7937107
0.014742015, -0.0025976724, 0.007318553, -0.0024270443, -0.002573116, -0.0073091327, 0.0124264825, -0.007458968, -0.007205883, 0.012163861, -0.007532531, 0.0074027805, 0.0044951285, 0.015125675, 0.012078565, 0.012326433, -0.007415217, -0.008051621, 0.0072813546, 0.014934434, 0.014508412, 0.007229074, 0.0016765657, -5.9560934e-05, -0.0053473897, 0.012531372, 0.0023607241, -0.0028804902, -0.0028724642, 0.009659128, -0.005224601, 0.0023419356, -0.002420908, 0.009620706, 0.014834746, 0.009339188, 0.00684351, 0.01122993, -0.002928795, 0.009521913, -0.000425993, -0.008201611, -0.007717345, -0.0057078153, 0.012114009, 0.011928921, 0.004331791, -0.007154373, -2.0597858, -2.0846481, 3.8889923, -3.1784725, -2.1940565, 2.9047768, -3.1937563, 1.8777974, 5.9079676, 0.8848568, -2.090206, 4.7432384, 2.8018513, 2.9119897, 0.684696, 2.9076693, 2.865871, 407.98566, -1.1085334, -2.0304477, -1.0962418, 4.609875
0.0024570024, 0.0049569705, 0.004799215, -0.0024875945, -0.0050299442, -0.0073781093, 0.0049750586, 0.009867393, 0.009657687, 0.00010493552, 0.0073322128, -0.007592483, 0.007184277, -0.0026438325, 0.0022965912, -0.004991387, 0.0073628016, 0.0073873685, 0.0023416877, 0.014396089, -0.0002880332, 0.00017572995, 0.0071064853, -0.00025423363, 0.0048608137, -0.007994469, -0.007689843, 0.0073505235, -0.007953286, -0.0052312687, -0.00049032643, 0.012422472, -0.0028663084, 0.0065280637, -0.0026859236, -0.000295269, 0.009633657, 0.014745003, 0.014227635, 0.0099095395, 0.0044441256, 0.01224763, 0.014017613, 0.009080505, -0.0047554807, 0.012133745, -0.002600457, 0.0045146956, -3.0291963, 1.8629524, -3.107758, 1.9690088, 2.9647906, 2.9790134, -2.2293875, 0.77089155, 5.863388, 1.0232067, -2.0900872, 1.9478583, -1.9174386, -0.10453086, 2.7145407, 5.940338, 5.0438433, -0.86509335, 407.02075, 2.9735606, -1.00473, -3.1020842
-0.004914005, -0.0049386336, 0.0122784, 0.0123576345, 0.00746974, -0.004786511, -0.0049384367, 0.007236665, -0.0025706969, 0.014468885, 0.01221873, 0.0023640762, -0.0025461274, 0.014713381, 0.0025751314, 0.002592144, -0.0049793916, 0.0021574502, 0.009393756, 0.004759788, 0.009880389, -0.005083096, -0.0035552855, 0.004946537, -0.0051338472, -0.0076505314, 0.014765253, 0.007396537, -0.00037985024, 0.0069115823, -0.0059033087, 0.014057119, 0.0067986194, 0.013927738, 0.0047127297, 0.0017269123, -0.0054159653, 0.007274783, -0.0028411248, -0.0026367723, 0.014585642, 0.004462655, 0.004305894, -0.0057434137, 0.0070640035, -0.007857253, -0.006031308, 0.0124084335, -2.277328, 3.021153, -3.2042134, 3.8368897, -3.1324992, -0.027847562, -0.18576655, 4.1288877, -2.3836255, 4.759303, 4.844443, 5.8223696, -1.1966934, 5.776352, -0.16386442, 4.8092895, -3.1509523, -1.0691427, 2.905638, 403.00195, 1.7645762, 2.913063
0.00982801, -0.0025609995, 0.0024523174, -0.007426559, 0.007402314, 0.007359018, 0.0024867072, 0.009909798, 0.0095365, 0.009708136, -0.0050270767, 8.244688e-05, 0.011825187, 0.014877633, -0.00042375212, -0.0005305599, 0.009845518, -0.007931483, 0.0075275265, 0.0096800765, 0.0046521, -0.0077375956, -0.0005577472, 0.0048804795, 0.014876707, -0.0027804535, -1.835356e-05, 0.0051205284, -0.008081477, 0.0018957644, -0.005586985, 0.014398501, -0.005565361, 0.013933551, -0.0003380671, 0.0039068717, -0.0076878807, -0.004849605, -0.007527348, 0.014393471, 0.014322734, 0.00885991, 0.0069122044, 0.00446426, -0.00018596527, -0.00065504306, 0.009171534, 0.009545313, -3.3362024, 3.9451294, 0.7098039, -1.0363592, 6.0463896, -2.0549555, -0.20821513, -0.98815995, 4.7779136, -1.0814533, 0.93247104, -0.32024017, 5.806559, -1.0664932, 0.7625547, 2.9696844, 3.8645413, 3.8780978, -3.187523, 0.8771746, 407.92194, 0.9251232
0, 0.00746296, 0.009646251, -0.002524438, -7.209637e-05, -0.0073915683, 0.0123872, 0.0072729555, 0.004769605, 0.009843619, -0.0028486226, 0.009866055, 0.0021301997, -0.0023093317, 0.009685707, -0.0052831513, 0.0073569636, 0.014627497, 0.009708528, -0.002380738, -0.0078375805, 0.015021997, -0.0008146754, 0.011659066, 0.007381556, -0.00019181884, 0.014585391, 0.009730221, -0.002690549, 0.014753523, 0.0041307453, -0.00785631, -0.0056748604, -0.0056479806, 0.00193813, 0.0002044531, 0.006826804, 0.0019003483, -0.0030520118, 0.009492748, -0.00791252, 0.014724997, -0.00023089594, 0.011977328, -0.00033986627, -0.0076343343, -0.0024735034, -0.0027404728, -0.09252735, 4.9881797, 2.7547243, -0.1323843, -3.1893675, -3.2002468, 5.8802714, 5.7476125, 0.024048286, -1.1090035, 5.860373, -1.2265226, -0.99168503, 0.9273034, -2.255817, 0.82299536, 6.1178584, 3.9333367, 2.7945254, 1.8427471, 0.9657204, 409.73846

