406, 4, 3, -2, -2, -2, -3, 2, -1, 3, 4, 4, 4, 6, -1, -1, 3, 2, 5, 0, -2, 0, 5, 4, 6, 2, 2, 1, 5, 3, 2, 5, 3, 1, 0, 1, 3, 3, 6, -3, -3, 2, 2, 1, -1, 5, 5, 5, 2, 2, 5, -2, 1, 0, 4, -1, -1, -2, -2, -3, -3, -2, 0, 3, 2, 3, 5, -1, 5, 6
0.0073891627, 408.97043, 1.9778326, 3.0147784, 3.0147784, 0.014778325, -0.9778325, -0.014778325, 4.007389, -0.022167489, 3.9704432, -2.0295568, -2.0295568, 3.955665, 5.007389, -2.992611, 0.9778325, 5.985222, 3.9630542, 0, 6.014778, 3, 5.963054, 2.9704432, 1.955665, -0.014778325, 3.9852216, 1.9926108, 2.9630542, -1.0221674, 4.985222, -0.036945812, 0.9778325, -3.007389, 5, 2.992611, -1.0221674, 5.9778323, -1.044335, 6.0221677, 4.0221677, -3.0147784, -1.0147784, 5.992611, 2.007389, -2.0369458, 5.963054, 1.9630542, 4.985222, -2.0147784, 4.963054, -0.9852217, -2.007389, 5, 3.9704432, 4.007389, 2.007389, -1.9852216, -2.9852216, -2.9778326, 6.0221677, 6.014778, 1, 1.9778326, -1.0147784, 1.9778326, -0.036945812, 2.007389, -3.0369458, 1.955665
0.014778325, 0.0023006229, 405.9511, 6.0226207, 1.0226208, 3.0295227, 1.0465846, 4.970477, 0.0055588344, -2.0442839, 3.9317522, 2.945556, -1.0544441, -0.09777045, -1.9967418, -1.9783368, 4.9534154, 0.9566736, -2.0830092, -2, -1.9842811, 5.9930983, 5.9123898, 1.9340528, 2.9068308, 2.9704773, 2.9612749, 2.9806373, 4.9192915, 5.958017, 2.9589741, 0.92619336, 5.9534154, -3.0078595, -0.011503114, 2.9783368, 0.9580167, 5.941912, 2.9137325, 3.0304801, -1.9649185, 4.9773793, -2.0272222, 3.9714348, -1.9898399, -1.0692054, -1.0876104, -1.0784079, -2.0410259, -0.024921406, 1.9146903, 4.031823, -2.0101602, 5.988497, -3.0682478, -1.9944412, 6.01016, 1.0341239, 3.0364246, 4.0511856, -0.9695198, 0.015718915, 2.9976993, 3.951115, -0.027222028, 3.951115, 0.92619336, 5.01016, 5.9330955, -2.0931692
-0.0073891627, -0.0048180586, 0.002541431, 407.98444, 1.9971482, 2.9775937, -2.0295384, 6.002075, 1.0119045, 2.027256, 6.0386944, -2.9877076, -0.97754204, 4.063642, 3.0218112, 1.98322, 5.01429, -2.9588158, 3.061334, 0.005082862, -0.9807559, 1.9992231, -2.9493496, -1.9610468, -0.9536301, 4.007158, -0.9735465, 6.0094147, -0.96128005, -1.9978993, 3.0312774, -1.9655861, -2.9882517, 6.0005436, -2.9758804, 5.0142384, -0.98519206, 3.035868, 6.031898, 2.9991457, -1.9977946, 5.987603, 2.015041, 2.0261686, 2.0073397, 2.029849, 5.0684404, -2.9508555, 1.0439847, -0.99486566, 1.0559921, -2.0297718, 1.0028261, -2.9911292, -1.9435158, 2.0169873, 4.987008, -0.026971394, 3.9631217, -3.0468106, 1.0093116, 4.014161, -1.0028003, -0.9783447, -1.9900417, 4.021655, 4.0344143, 5.9895496, -1.992765, 6.059077
0.0073891627, 0.0072632227, 0.01469011, 0.012021068, 401.95383, 1.9343731, 4.0382924, 4.8401613, 5.966037, -1.0163455, -0.18874429, 4.977829, 2.0124254, -2.1204789, -3.0359738, 5.0343466, 4.837687, 2.9632642, -1.0719312, -2.9706807, -2.9879692, -0.13386174, 0.86834383, 3.9440308, 5.9102225, 1.8935219, 0.92447776, -3.1378872, 4.8808236, 4.9217496, -1.130894, 2.9733453, -1.0808041, 1.986507, -0.00037386967, 3.8668463, -0.01697357, 0.8106324, -1.1520627, -0.102143876, 1.0458341, 3.862023, 2.9981494, 4.8663874, 0.99790967, -2.0308452, -2.1252077, -2.9998896, 5.9664464, 1.0121809, -3.1138146, 2.9871063, 0.024665385, 3.9116688, -0.98995876, 5.983335, -0.15543003, 1.0143303, 1.9442143, 3.0209095, 2.9805365, 3.922606, 4.9607553, 2.9171855, -0.9830854, 2.8570802, 2.901219, 0.84720844, -2.0780904, 5.899373
0.0049261083, 0.0048421486, 0.012256759, 0.009611731, -0.005066442, 408.95383, 5.0466523, 1.8961295, 1.005954, -3.0142496, 0.853881, 4.007957, 2.0226386, -1.0973142, 4.9607267, -1.9498911, 2.896088, 4.992893, -1.0531449, 0.009413882, 1.999337, 4.8921237, -3.0932236, 4.9810386, 5.9644556, 3.9248886, 5.9485965, 4.875234, 0.9346953, -0.038715787, -0.105124265, -0.0018468066, 0.9307638, 1.9988917, 5.004532, -3.084526, -0.012187612, 3.8583746, 1.8759735, -3.0808704, -0.95611304, 3.905755, 4.015731, 4.92256, -0.9946432, -2.031462, -0.099657685, 5.992246, 6.0112185, 4.0149, 5.9019437, 1.9998492, 2.019918, 0.9509579, 0.012341848, -2.9791055, 2.8728197, -1.9878119, -2.0411518, -0.9758666, 5.0029006, -0.038174275, 2.993188, -0.048599813, 6.0095425, 2.903037, 3.9401174, -0.1194799, -3.0740204, -0.04172019
-0.0024630541, -0.004866239, -0.0048847906, -0.0023550806, 0.00253622, 0.009810522, 400.92844, -1.9876084, 5.994448, 6.0342193, 1.0547024, 1.9553831, 1.9675759, -0.94073665, 1.9782995, -2.015658, -1.9925286, 1.9752584, -0.9583144, 5.9976845, -1.9996959, 5.0009274, 3.0914118, -2.0297334, -3.0372555, 1.9854938, 4.9757886, -2.9989982, 6.0269513, -2.9852893, 3.054678, -0.99549234, 2.0278008, 5.9626184, -1.0318296, 5.063837, 4.004937, 0.03274482, 2.0226526, -0.92573345, 0.004607987, -0.019442217, 4.9478307, 1.9951608, 4.0095396, -0.9729589, -2.9456754, -2.041528, 0.9475688, 3.9507017, 4.9983025, 3.9779983, -1.0346419, 2.0272892, 6.0119977, 3.026097, 3.0206187, -0.9926698, -0.9801934, -0.00735423, -0.037083108, 6.024299, 5.9752016, 3.0270884, -3.061295, 2.010059, -2.0198517, 6.0449085, -1.9427463, 2.0137873
0.0073891627, 0.0048180586, 0.0023852705, -0.0073878127, 0.0025191163, 0.0073959595, 0.009881791, 403.0112, 2.9138386, -0.036982857, 2.970286, 2.8896184, 2.9360428, -3.0103853, -3.0382397, 3.0628355, -2.0155656, -2.1316679, 4.9915047, 4.9529543, 5.995786, -2.0992424, 4.8885736, -2.0896869, -3.0967243, 0.9543931, -2.1437294, 3.0217805, 1.851177, -0.02882633, 2.9499798, 4.948862, 4.9126444, 1.9798968, 3.9271357, 1.9711645, -2.0662496, -2.0736153, -2.0326507, -0.95972776, 3.9971073, -1.0063137, -2.0763135, 4.900852, -0.017485341, 0.020169923, -2.9904382, 2.9177809, 2.9049315, 0.91635466, 3.8571775, -3.0667129, -2.9902914, 2.9026072, 4.887267, -1.015203, 4.96952, 0.04363323, 5.0710816, 0.00402254, 0.9587783, -3.0537128, 4.886943, 2.9147487, 2.963755, -0.059941094, 1.9743389, -3.0309687, 3.9959803, 1.961546
0.0049261083, 0.009732478, 0.012232932, 0.0071248715, 0.012324233, -0.00506758, 0.002498595, -0.0053555635, 404.89084, 1.9779764, -1.1295431, 1.954855, -1.9838316, -1.0890112, 2.0004284, 3.9936366, 0.8286234, 1.9137053, -2.022531, -0.92737126, 6.0666375, 3.8859482, -0.1418979, -1.0877864, -2.1289644, -3.0778928, 5.9169116, 2.9834569, 1.8326427, -2.117028, 2.905406, -0.02925876, 4.963448, 4.9997373, -1.9783435, -2.171594, 3.9695444, 4.8311005, -3.0902474, -0.119453035, -2.9824357, 1.8827957, 3.9703836, 2.859965, -1.032022, 2.0110838, -2.0884423, 0.07854547, 5.929279, 1.0200576, -2.027427, 0.9315388, 5.0285587, 3.8664827, 6.01645, -0.12588347, 3.9118767, 4.9968553, 1.9688277, 3.9737742, 1.9546839, -2.1574225, -1.0739851, 3.896458, 6.0806265, 3.8631418, 3.935486, 3.8390424, -3.0171664, 4.8664026
0.0073891627, 0.009708387, 0.0048247953, 0.0072464813, -8.432945e-05, 0.009728735, 0.0024756563, 0.012170311, -0.000243181, 409.98846, -1.1781905, 4.91948, 3.941724, -1.0625155, 3.930559, 0.019696403, 5.9100013, -0.08286619, 3.8637335, -1.0660821, -1.1131825, 2.8939798, 3.860992, 3.92855, -3.0832744, -2.1133082, -2.103285, -3.1609826, 3.8718328, 0.9815059, 3.8587499, 4.915684, 5.888521, -1.0640837, -1.1213307, 1.9061325, -2.9934123, 3.8579915, 3.9086668, 2.9712543, 4.9670835, 5.9221673, 4.9654236, 5.7892203, 3.9827514, 0.9955237, 5.9176507, 0.88159543, -3.1551306, 0.9524522, 1.7804894, 1.0280963, -1.9649411, -2.104086, 1.8876804, -0.0021887615, 5.8277955, 4.051823, -1.0383983, 6.0642943, -3.0984564, -2.0503516, 0.87986416, 2.9053564, -3.0759351, -1.1208843, -0.12644966, 0.9444147, 0.96352726, 5.876099
0.0123152705, 0.014550536, 0.00722815, 0.0022972235, 0.009873732, 0.0072785183, 0.0049177506, -0.0077564796, 0.0021698044, 0.004807982, 400.87228, -3.1275766, 0.9539955, 3.8775945, 3.884282, 0.054996923, 2.7966099, -1.207438, -2.063727, 4.0597677, 3.0171876, -2.1890707, 5.834097, 5.8000913, 5.7874246, -3.0878778, 4.8019657, 2.9657512, -1.2309072, 5.9054685, 2.869414, -1.0728523, -3.0943935, 5.98554, -3.0570362, 1.8812984, -2.0564206, -3.2552133, 3.8663068, -1.0729598, 4.0074167, -0.1373255, -2.1315985, -0.22258839, -2.0464988, -1.9982432, 0.83695555, -2.0612984, 3.8326993, -2.0511787, -0.16109313, 0.9201225, 1.9946045, 1.8595599, 0.915506, 3.9039218, -3.1039834, 1.0254538, 1.0775498, -3.002445, 0.90644175, 4.850552, 4.901939, 5.864813, 5.000508, 1.833795, 1.8829904, -1.14047, 2.029661, -3.1925817
0.0049261083, 0.0048421486, 0.012256759, 0.012062805, -0.0050786207, -0.005021216, -0.002302115, 0.007162139, -0.004935829, 0.0024136128, 0.0045445594, 405.03125, 0.99507546, 5.886152, -1.012759, 6.028356, -3.1146367, -0.93980026, 3.886165, 5.967292, -2.0168836, -3.0395224, 2.834056, 2.9799879, -1.017367, 5.9364743, -2.97987, -3.134724, -0.052284986, -3.0802748, 3.864795, -0.041871578, 0.9365805, 0.9938358, 5.0132866, -3.1385865, 3.050348, 1.9145713, 4.8475513, 4.8981657, -0.029543102, -1.0864764, -2.925447, 0.91301775, 3.9994047, 3.9675577, 2.8736346, 2.0115604, -2.9602442, 3.0521, -2.1007388, 0.043959487, -1.9328641, 3.962702, -1.9830278, 2.9969447, -2.1342707, 5.009912, 4.90766, 0.04531419, -1.9683614, -2.0401611, 1.9597887, -1.0747503, -0.96897924, 5.9262877, -2.0575693, -0.0772737, 5.85587, -1.0417761
0.0073891627, 0.009708387, 0.007288146, 0.0072101178, -0.0025782639, 0.009722548, -0.007482603, 0.004677377, 0.0024647978, -0.0072063855, 0.002093449, -0.002463059, 407.02515, 0.9023259, -3.062736, 4.044123, 5.901939, 4.9202223, -1.0586334, -1.9706975, 2.8735085, -1.0795153, -3.0611432, -2.0758345, 0.8397822, -2.074618, 5.8766427, 2.7720876, 4.971134, 5.941942, 3.9247255, 3.985561, -1.0341597, -2.0085666, -1.0862056, 2.9817474, 3.0080466, -1.1434515, -1.05586, -2.0167394, 6.0398583, 2.947236, 3.0339944, -1.1150432, -0.92436326, 4.9992995, -1.0829009, 1.8936431, 0.8419464, 0.017147701, -3.1397576, -0.95474356, 1.970698, -3.0870137, 0.9796981, 6.0397635, -2.0872366, -0.93190503, 5.9843554, 2.1010265, 3.8838801, -1.0274645, 0.98476785, 5.9503074, 4.86188, -0.11154128, -3.1472235, 3.9704957, 5.9795213, 0.96422493
0.014778325, -0.0025897063, -0.0074866475, 0.00020209908, -0.0023768493, 0.0074733915, 0.012525753, 0.002552372, 0.0072837756, 0.004561368, -0.0025809626, 0.0021320502, -0.005202939, 404.9576, 2.914622, 3.014937, 5.0257993, -3.0449421, -3.0972676, 1.8892468, 3.006104, 3.9117813, -0.063097514, -2.0458183, 1.0048171, 0.9403344, 4.9198375, 0.018890077, -0.113006614, 3.1111493, 2.9380221, 4.9361105, 4.8775325, 0.83506125, 4.9742575, 2.0122232, -0.09587051, -1.0782279, 4.891144, 6.082451, 1.0807134, -3.0419393, -2.1623769, 3.9117818, 0.93503356, 2.9281142, -2.0487745, -3.1144233, -3.0903761, 2.86233, -2.1765053, -0.0064065563, 5.962184, -3.0105004, 3.797622, 4.047027, -0.07779038, -0.0060089403, 0.07681729, 5.0286036, 0.046820626, -2.9770265, 3.9447458, 5.9592605, 2.9615543, 5.9181175, 1.8946254, 2.9768105, 5.036681, 2.8203514
-0.0049261083, -0.002396984, 4.8082533e-05, -0.0073603676, -0.002457932, 0.0073766476, 0.007334445, 0.010089654, -0.0075427615, -0.002389051, -0.004945023, 0.0072658886, 0.0047800667, -0.0022954259, 406.07385, 1.9874616, 2.119423, 2.9644337, 1.9720469, -0.12026809, 3.9953592, 5.0313272, 2.0007849, 1.0346562, -0.93798494, 3.916085, -0.9761722, 6.0408087, -2.040015, -2.9513958, 1.9950229, -2.0264783, 4.966418, -1.9624779, 1.8685747, 2.03474, 1.9724116, -0.9359816, 1.0465145, -1.9505616, 5.9325247, 4.051929, 4.0178146, 5.9875593, 2.964431, 6.0133295, -2.8943117, 1.9033151, 5.0301757, 0.9164895, -2.0691195, 1.9852705, -1.9080799, -0.039488487, 5.9919944, 2.0213459, 3.9958203, 5.0296187, -2.0585136, 2.000885, -2.0241804, 1.0463753, 2.9002028, -0.97357583, -0.0075811236, 2.026987, -2.8998106, 1.046928, 4.923909, 4.1035795
0.0123152705, -0.002565616, -0.0050052125, 0.0050553638, 0.0050438317, 3.6733705e-05, -0.007409348, 0.014715862, -2.7376176e-05, -0.004895109, 0.009751993, -0.004995357, 0.0096339295, -0.0026151983, 0.012529435, 407.87317, -0.12875167, -3.044433, -0.11663373, -3.0130937, -3.1676264, -2.9259448, 4.9253416, -1.0472001, -0.12684874, -3.0163689, -1.0344957, 1.7639776, 2.976388, -0.12652415, 4.9277434, -3.10808, 2.982924, 4.927173, 3.0115695, 1.9003316, -0.002821903, 4.0995607, 0.973571, -0.8304563, -3.1611845, 4.8951564, 2.9497411, 3.9117312, -1.9440619, 0.848782, 5.0320024, -2.105941, 4.7599587, -1.9785839, 2.0013814, 2.0926197, -0.014530066, 6.024293, 4.8489995, 4.913666, -3.0096521, -3.0072498, -0.102166586, 5.076811, 5.9671216, 1.0110513, -3.0993798, 5.8798995, 4.8136363, 2.966326, 5.9062266, 5.069266, -0.18423703, 3.8478181
0.014778325, 0.009636117, -0.00015616069, 0.002454619, 0.014916548, 0.009765709, -0.0051146755, -0.0078018983, -0.0026469943, -0.007241691, 0.0022449575, 0.009715822, 0.007265796, 0.004430696, 0.0073540085, -0.0076233647, 408.79556, 5.7697315, 1.9359215, 1.0198106, 4.9683833, 0.9274368, 1.9803241, 3.7753701, -3.3265166, 5.797158, 5.8251348, -2.0832288, 4.9022536, 4.8647747, -1.0550348, 3.8993344, -1.964013, 0.041116808, 5.875484, 0.96153194, -1.0993297, -0.093590826, 4.8504677, -1.0294588, 2.938086, -2.0598094, 3.96028, -1.1314181, 2.963196, 4.8773217, 1.9344319, 3.874483, 1.8192048, -0.08473606, -1.9883121, -2.0072684, -0.06035743, 1.9597821, 4.0062065, 3.840847, 5.05606, 1.9869354, 2.9926805, -2.9072206, 0.9294241, 3.919638, 4.862649, 3.945785, -0.071141794, -2.211094, -1.0538872, 0.98653483, 0.8776112, -0.13232505
0, 0.007335494, 0.012281015, 0.0046666516, 0.012329791, -0.0075193327, -2.0085701e-05, 0.012073103, -0.0052736225, 4.0666935e-05, 0.002148834, 0.014673928, -0.0074685453, 0.0071952585, 0.014918967, 0.0069496664, 0.012025651, 403.97757, 1.8263144, 3.8825834, 0.9219123, -0.07346524, 2.6391573, 2.8611925, 5.0090203, -2.2864468, 4.023144, -1.0417342, -0.15138611, -0.08732943, -2.200318, -0.0966172, 4.79953, 3.9702487, -3.273196, 3.8066516, 3.013157, -3.096899, -1.223064, -0.18762302, 5.8469625, 0.9270709, 6.0197287, -2.3217566, 5.8409777, 1.8467461, 4.94384, 4.0108814, 1.8853295, 5.972045, 3.024945, 4.9576383, -1.8625146, -0.28025383, -1.1614543, -0.24570589, 2.7956247, 0.8395081, -3.1587818, 2.9175096, -1.0040935, -2.1225166, 2.716766, 5.821442, 4.0567136, 3.7674007, 4.9647055, 5.8904777, -2.2676184, -1.1654992
0.0073891627, 0.0072632227, 0.009763409, 0.0022894992, 0.004921771, 0.0023688613, -0.0050087045, -0.0052485163, 0.0147928335, 1.5179684e-05, 0.0072988267, -0.0050661084, 0.014828692, -0.0051477673, 0.014721548, 0.009628175, -0.008024762, 0.011957491, 407.0069, -0.8640286, -2.1244407, 2.85984, -2.1606934, -2.1178896, 5.745884, 2.122522, 1.7481341, -1.2927847, 2.8591492, 3.8776731, 4.8033347, 6.0316296, 3.7777777, -3.088379, 3.1226904, -1.1631469, 0.84031314, -0.1704711, 1.0332781, -0.93362236, 2.8622386, 1.6849711, -0.24455513, 1.7991756, -1.9769864, -0.14009957, -0.10566366, 3.9270766, 5.6560826, -1.0242414, -1.0325648, -0.1593206, -1.0484836, 4.8572216, -2.1529799, 4.8570895, 2.919618, 3.9326577, 1.0073328, -1.1799072, 3.852912, 4.9744906, -0.020754376, 1.6996288, 0.7047654, -3.225068, -3.1862836, 3.721498, 4.920672, 5.801054
0.0049261083, -0.00493851, -1.2343308e-05, 0.0123161925, -0.0049753077, -0.0049323076, 0.0026936021, 0.0023696632, 0.0025286989, 0.0071197785, 0.0048150397, 3.608842e-05, -0.0025493428, 0.0022900417, 0.009696402, 0.0047875457, 0.0022087507, -0.0022539333, 0.01206493, 406.97064, 5.009517, 0.9022478, 3.9320464, 0.038532984, 0.024587177, -1.0751275, 2.0177147, -2.101061, 3.9567008, -1.0131779, 1.8070903, -3.0728269, 1.8627614, 2.9058733, 3.0022976, -3.0885227, -0.0047927233, -2.0344777, -1.1995223, -1.0022472, 0.9457981, -2.165668, 3.9189641, 4.870828, 2.9698935, 4.8587995, 5.919402, 0.9946756, 3.9105563, 3.024962, -2.9976583, 5.0230484, -1.9969908, 3.976529, 4.885168, 2.8859758, 5.841046, 5.8649254, -3.0567393, -1.0135291, 2.0322857, 4.9129786, 3.9777007, 1.9142743, 5.0015373, -1.0374715, 0.98153585, 3.859804, 4.8364663, -0.24874462
-0.0024630541, 0.012249914, 0.0048852204, 0.014531734, -0.005164461, 0.007205736, -0.0074490597, 0.0022087048, -0.0024809288, 0.012328631, 0.014618488, 0.005082747, 0.014705576, -0.0029265515, -0.00041741104, -0.0049973526, 0.0017719647, 0.004681967, 0.0021274176, -0.0050361296, 403.85135, 1.94424, 2.9234183, 1.8197708, 2.8754451, -0.029747294, -1.1552571, -1.2138685, 3.9467597, 5.833632, 3.7819479, 4.893744, 6.0107236, 3.993997, -1.9824967, 0.8532956, -0.9324233, -2.11696, 1.812794, 0.8733448, 2.7255127, 3.8223286, 1.9711603, 1.8917145, 2.9480672, 0.96089464, 4.7776823, -2.1103516, -3.060503, -1.95863, 1.908376, 5.0616155, -1.9872625, 5.0374155, -2.9274547, 3.8804138, 0.87346756, -0.036730766, 3.845256, 5.0538216, -3.097249, -3.0764372, 1.9118378, 2.8338706, -3.0804436, 4.9033794, 5.9815316, 3.8916252, -2.0902934, 0.95314276
0.0073891627, 0.014598716, -0.00012573264, 0.00483235, -0.0025842667, -0.0024316837, -0.0073103085, -0.000100128076, 0.00742416, 0.002408775, -0.0027325077, 0.012387106, -0.0023954923, -0.0053995023, -0.0050605335, 0.0072740484, 0.0049499026, 0.009764293, -0.0054190955, 0.012192987, -0.0052850167, 405.0673, -1.2317525, 0.8694838, 5.008205, 4.001414, 3.950181, 1.0065413, 1.9031888, 5.11959, 5.896925, -2.9137192, -3.0578809, -0.08569344, 2.87786, 6.0287414, 2.9533634, -2.189343, 0.9621747, -2.1214705, -1.9847699, 5.0374146, -2.09011, 2.8972867, 2.8694701, -1.1514425, -1.3785063, 0.8597786, -2.129339, 3.9313595, 4.942356, -0.00791766, 1.0647361, 4.8319273, 2.8639581, 3.949446, -3.107633, -2.094921, 5.0471888, 4.057337, -2.0904012, 4.952355, 4.0216393, 3.9006433, -1.1325467, -3.119613, 4.8526163, 4.8879013, -1.0135719, -2.056611
0.014778325, -0.0074800355, 0.0073172837, 0.0049218494, -0.0048891315, 0.009786683, -0.0024700032, -0.0076806326, 0.0076471055, 0.0024012995, -0.00513954, 0.009599647, -0.007476827, 0.009575347, 0.014589148, 0.007216825, 0.009458805, 0.002364929, 0.0022761838, 0.012285642, -0.002616391, 0.004391332, 407.87396, -0.13249028, -3.08516, 3.7491302, 2.8433797, 0.8946101, 2.8790627, 5.014058, 1.8456191, 3.00964, 4.7419577, -3.0967343, 4.770352, -1.9524187, 2.857561, -1.1654906, -0.3016239, 2.0110323, -1.8972594, 1.8206508, -2.2072217, 4.746626, 5.8844733, -2.336537, -2.173946, -3.1705372, 0.86978066, -0.20393851, 4.990807, 1.8867424, 4.9374886, -1.1305541, 5.7612777, -3.0482264, 0.7703047, 4.7875376, 6.0544753, 3.9038002, 1.0564173, 1.9963168, -3.1140375, -2.134342, 5.818624, -2.212361, -1.1695948, -0.21723966, 4.7419777, 2.8009639
-0.0073891627, 0.014743259, 0.0024461264, 0.004720871, 0.004798671, -0.000111861176, 0.0049396753, 0.0023853104, 0.0021330703, 0.002411108, 0.014784885, 0.014953408, 0.0073859403, -0.0053293887, 0.0022265126, -0.0051664775, 0.012061631, -0.007912904, 0.014525143, -0.00031138738, 0.009510385, 0.009644571, 0.002050521, 405.82867, -1.1232184, 5.76748, 0.7796654, 3.9801443, -0.24581999, 3.7316525, 4.624474, 5.852396, 4.005776, -0.029195944, 2.7998645, -3.1309617, -0.019402985, 2.9544535, -3.1806595, 4.889767, -0.24806532, 1.8998189, 1.0295163, 5.775943, -1.1356999, 3.973578, -0.084521025, -2.0582836, 0.8349369, -0.94856215, 1.9821146, -0.016908586, 4.0634403, 1.6508377, 0.93823063, 5.596231, -3.114337, -3.1804733, -2.3188026, 3.0450761, 5.8700027, 1.6418121, -3.278514, -3.199362, 4.0449734, 2.9540856, -0.9295889, 1.8118752, 2.8650458, 4.919025
0.0024630541, -0.002469255, -0.004932873, 0.012358509, 0.007445465, 0.012149797, 0.0098367585, 0.009691681, 0.014463237, 0.0022293334, 0.0147566935, -0.002689906, 0.007157179, -0.002513573, -0.005241758, -0.00518836, 0.011818733, 0.0020944783, 0.0023968956, 0.0045739985, 0.014261292, 0.012012032, -0.007537901, 0.009456186, 406.8012, 1.8646401, -0.38332158, 0.8537997, -3.2796965, 5.715648, 0.71103656, -1.1952459, -1.0405988, -3.4333315, -2.9848537, -0.17950213, -0.03150683, -0.00035352743, 2.8690522, 4.0973763, 1.8592529, 2.7574947, 3.7161803, 2.7757082, 5.922087, 2.8793695, -1.0918769, -3.07741, 0.73449874, 5.8866773, -0.1344765, -0.07658635, -1.0968663, 1.761245, 0.8383862, 1.6562256, 1.8151802, -2.0037863, -2.2135324, 1.9704716, 3.860059, 1.7887845, -2.3506448, -0.34931302, 1.8237417, 2.8223937, -3.312079, 5.7094584, -2.899609, -0.197957
0.0073891627, 0.014598716, -0.0075157853, 0.009843589, -0.0025903648, 0.009812923, 6.291565e-05, -0.005067431, 0.007307992, 0.009646028, 0.0147386715, 0.012404132, 0.014623079, -0.0056250077, 0.009312179, 0.012010746, -0.005421831, 0.0070532374, -0.005329753, 0.0096698655, 0.00942974, -0.00010930276, 0.011598698, 0.014179112, 0.014449423, 408.90735, 3.7640605, -1.2858205, 4.841771, -1.2034911, 4.5360446, -2.045822, 0.75579494, -1.2076955, -3.064831, -3.0291884, -3.117503, 1.8123633, 5.833078, 3.8119075, 3.7698984, 2.6509857, 5.662216, -2.4670298, 1.6899797, -3.3016226, 5.5942674, -2.00316, -2.3234344, 0.87103385, -1.2073162, 2.8276997, 0.90788925, -2.1941414, -3.320946, -1.3672749, 0.9541992, 4.911969, -0.022453267, -2.1793602, -0.31145173, -2.1794944, 4.0140905, 2.7859945, -2.4113927, 5.630706, -0.15567628, 3.6175394, -3.1097085, 3.6945517
0.0123152705, 0.0047698775, 0.014665854, -0.0050935186, 0.014940586, -0.0049726996, -0.0075308094, -0.0028404642, 0.002389679, 0.007425267, 0.00982804, 0.011999154, -0.0075469296, -0.007782234, 0.002583228, 0.012113073, -0.0076408857, -0.0049185334, 0.01454815, -0.004649594, -0.006847214, 0.0049882666, -0.008058978, -0.0005349602, 0.00409387, 0.0023577334, 407.0795, -2.9853573, 0.8711971, -3.1591446, 2.768723, -2.0244482, -1.0878129, -0.93258834, 4.99037, -1.0591441, 1.9901446, 5.7302747, -2.1587043, -2.0574749, 3.0461898, -2.2458806, 6.0561676, 3.803187, 4.1320453, 3.0442603, -0.1254603, -1.0338331, 5.8204055, 5.031872, -0.9907387, 1.9675213, 6.1195216, 5.6253953, 2.0859773, -3.160619, 3.06015, -1.0763904, 0.0044755843, 3.9380665, -0.05259285, 5.8843684, -1.0260184, 0.84373873, 6.0368943, -1.1313332, 1.9249067, 1.9382997, 3.8480527, -1.1868429
0.0073891627, 0.014598716, 0.0072643193, -0.005081036, -0.0025538125, -0.0073049213, -0.0048245364, -0.0024901303, 0.012380495, -0.0024800096, 0.0073437453, -0.0023872722, 0.0075405403, 0.0021815333, 0.014690394, 0.0023790852, 0.0070011984, 0.006930309, 0.004796359, 0.0025342023, -0.0031676134, 0.007065084, 0.006787259, 0.009595143, -0.002745356, -0.0026255182, -0.0057131485, 406.76514, 0.84717995, -0.23540875, 4.747612, 2.8701668, 2.7469819, 2.0628123, 1.8575591, 4.887664, 4.852074, 0.9351894, -1.9784455, -2.058942, 2.8585472, -0.084638365, 5.9758987, -2.2340448, 1.9756148, 0.8004284, 0.95538205, 4.884099, 2.7600195, 5.0401235, 4.9452205, -0.029582525, 0.92923695, -0.1792269, -0.3270303, 5.7419786, -1.0538402, -2.1270792, 4.971855, 3.9031835, 0.86346483, 4.8657775, -1.0674368, 3.7568235, 0.7571472, 2.927692, 0.9778802, 1.8169271, 1.7582617, 2.8304157
-0.0073891627, -0.0072632227, 0.002553344, -2.0243764e-05, 0.0074748592, 0.0048005288, 0.0022787226, 0.007348056, 0.0023147687, 0.0073935674, -0.007401643, -0.0028120065, -0.000117963216, -0.0045078415, -0.0023251316, -0.005010281, -4.8992195e-05, -0.007465337, 6.165947e-05, -0.0023194323, 0.00010950676, -0.00012670275, 0.012530065, 0.0025837275, -0.0020740146, 0.011983884, -0.004909362, 0.002508991, 402.8555, 1.9457194, -2.0348275, -0.12080636, 5.8955216, -1.919591, -2.0015976, 0.07427258, -0.9486965, 3.9791653, 3.019698, -0.042797577, -1.9811536, 1.8458089, -1.046912, 3.921928, -1.0417193, 1.1708362, 3.117843, 3.072401, -2.9284692, 5.017938, 4.9480753, 5.9615145, 5.9712963, 3.0837853, 2.0343542, -1.8986473, -1.1091993, -1.1465667, -0.18026084, -3.092955, -3.0057595, 1.0664514, 2.9676995, 5.0849714, -2.9287963, 0.033357944, 6.073378, -2.9611242, -2.9566195, -3.1539412
-0.0049261083, 0.0073836744, 0.012317183, 0.009543761, 0.012280595, -0.007578971, -3.0988256e-05, 0.0021000055, 0.0021837568, 1.5502463e-05, 0.007207776, 0.004958527, 8.348141e-05, 0.0072401958, 0.012280836, 0.011900583, -0.0029417865, 0.0075145774, -0.0049677403, 0.012255101, 0.0022189396, 0.0046843328, 0.0065698633, 0.0071906024, -0.00757009, 0.014447561, 0.014298054, -0.0051391316, -0.0031439217, 402.95996, 4.6156797, -1.8963876, 3.772365, 3.8350914, -1.1582885, 1.8621402, 4.9780917, -2.1762633, -1.1012175, -3.211374, 3.8137891, -3.2018788, 5.790135, -2.4218276, 0.7794624, 3.8917286, -2.2144349, 1.2364705, 5.7697635, -1.0517838, 0.06309894, 2.71416, 0.9062003, 2.698775, 3.8077474, -1.2232565, -1.2021894, -0.24115692, 2.9042118, -3.2682927, 0.8960435, 1.7819698, 3.7555747, 2.717115, 3.777816, 3.6764214, -1.2112029, 0.6117177, -2.2354467, -0.2322712
0.009852217, -0.007431855, -0.0049633016, 0.000176482, 0.00011651324, 0.014754965, 0.0073651765, 0.014862848, -0.00015686324, -0.0074129296, -0.005150906, 0.009540627, -0.0052169557, -0.0024751541, 0.005035351, 0.014556105, 0.0051987856, 0.0074091344, 0.00946777, 0.009438994, 0.007347419, -0.002516061, 0.0020537334, 0.014678986, 0.014550915, 0.004162141, -0.0075444863, 0.004614816, 0.0020895079, -0.0052473806, 408.7926, -1.186713, -2.3364747, -3.1952899, 5.7843018, 5.1009274, -1.0681875, -1.0269278, -0.13987131, 1.9906801, -1.0087103, 2.781524, 3.7416804, -2.3095038, 2.848622, 4.779288, 3.8423517, 1.8248901, -1.2491093, 3.7475753, -1.2405674, -0.12111457, 6.0738506, 2.7366753, 0.810318, 0.7597059, 0.8697356, -2.0179133, -0.97355, 4.927231, -1.2464827, -3.0180578, 4.915443, -3.1039143, -3.2448874, -3.273269, 1.8410277, 4.756877, -1.1071978, 4.710531
0, 0.014670988, 0.009781925, 0.0071004117, 0.00978119, -0.0050614853, -0.0024828296, 0.0071122055, -0.0077184644, -0.0048022713, -0.002909412, -0.007387847, 0.01482791, -0.002528139, 0.010088939, -8.214234e-05, 0.0019619276, 0.009460867, 0.009582899, -0.007183745, -0.007607937, -0.00019924984, 0.009677701, -0.002430278, 0.01196748, -0.0027518957, 0.014395975, -0.00037055428, 0.009643046, 0.014282775, 0.0019903204, 401.93686, 4.8460436, 6.2278266, -2.1020262, 2.6950998, -0.15809049, 2.8795679, -0.964587, -0.0012396881, -1.3354003, -2.1055553, 0.78469574, 1.759359, -2.197432, 2.834525, -1.9277282, -0.074219644, 0.6151658, 4.8584948, -0.110828206, 2.910635, 2.902561, -3.213101, 1.81275, -2.078574, -3.1806505, 1.0658464, 0.8487613, -2.0227792, 3.793075, 3.6732173, 1.8929226, 3.7768695, -0.19749434, -3.0239012, 1.051734, 2.7717035, 2.8634043, 0.88306355
0.009852217, 0.004793968, 0.0048305364, -0.0025095094, 0.0074767885, -0.0073406603, -0.0049112304, 0.009774882, -0.0050460794, -0.002412355, -0.00021702271, 0.002328729, -0.0025769568, 0.009745711, 0.0051421295, -0.00018649944, -0.0026149463, 9.308251e-05, -0.0075967386, 0.009742808, -0.002711904, -0.0073316507, -0.0030398676, 0.009760398, -1.7243385e-05, -0.0050202594, 0.005123346, 0.009759863, 0.0073946174, -6.7609755e-05, 0.007189977, 0.007117656, 408.76318, 4.9839096, 0.81855, -3.1118472, 0.98618, -0.10261979, -1.9534585, -3.1022792, -1.0510473, 6.108401, 4.956615, -1.2230746, -1.0201734, 1.7321088, 4.9257364, -3.0573318, 3.920265, -2.1881921, 3.973841, 5.941147, 3.8781042, -3.0974042, 2.8264644, -1.105565, -3.0009227, 3.0657327, 2.0546765, -2.0811405, -2.0301867, -3.0405383, -3.117494, 4.8935013, 5.9128327, 2.8828685, -2.1168582, 5.020873, 4.7137527, 1.8726264
0.0024630541, -0.0049144193, -0.00492096, 0.0025721057, 0.0025367031, 1.7951364e-05, 0.004994955, -0.0074398965, 0.007399936, -0.0050371964, -0.0049063163, -0.002477944, 0.012348267, 0.004955095, 0.0049979105, -0.0075906357, -0.007554345, 0.01470536, 0.0050934674, -0.0049426593, 0.0025104645, 0.01458026, 0.015228499, -0.0047499607, -0.00285995, -0.0074333176, -0.0030243169, 0.0072346963, 0.0048569134, 0.014509295, 0.011942074, 0.014822552, 0.00920601, 400.81714, 6.021686, 4.6837826, 3.6107755, 1.1648936, -2.8699706, 3.1793733, -3.0234044, 5.8306513, 4.7535405, 4.0534854, 5.8258715, -2.2191339, 2.12715, -0.09678873, 1.8647571, 3.7070405, 1.8176634, 4.753944, -1.3505769, -1.9058783, -3.227628, 3.9596117, -2.8414054, -2.046171, 2.7243924, 4.8223014, 6.0495276, 0.93848425, 2.8734121, 1.7471842, -3.1791768, -2.9831846, 5.8880563, 0.65587604, -2.0793834, -2.1547198
0.0073891627, -7.227088e-05, 0.01472585, 0.009623671, 0.007415572, -0.00017809533, 0.009969783, -0.0004006706, -0.0076682395, -0.004999121, -0.0029126669, -0.00016884934, 0.009752881, -0.0026377807, -0.0022305779, 0.009820964, 0.01185338, 0.0046564373, 0.009726044, 0.004977698, 0.01262988, 0.014502669, 0.0069556725, -0.007550266, -0.005528151, -0.007860379, 0.011700534, 0.014842245, 0.0063171056, 0.0016341861, -0.0032634991, 0.0095848655, 0.00677061, 0.006856222, 404.76312, 2.5623212, -3.298416, 3.8579092, 4.892531, 6.1976175, 4.982666, 1.6935397, 3.6948206, 0.7554782, -2.2013922, -1.1549772, -2.167615, -1.1237026, -1.2559288, -2.2539437, 0.6672143, 1.6765312, -2.0646746, -0.3419204, -2.1467514, 0.67916197, 0.9071396, 6.048369, 0.5503561, -1.1897656, -0.08382354, -3.465205, -3.234433, 2.4623501, -3.1062248, -0.028328335, 2.664212, 1.5399791, -2.2931924, 0.9082784
0.0073891627, 0.0023728937, 0.012250586, -0.00016215339, 0.012427847, -0.0001123047, 0.0048929355, 0.012096747, 0.009531867, -0.0025180744, -0.0077755814, -0.00789522, 0.014648235, 0.00021358846, -0.0070354277, 0.009594109, 0.0020125837, 0.009580847, -0.004937047, 0.012457914, 0.009583261, 0.009661811, -0.0054525505, 0.0024411425, -0.00043475867, -0.0023437336, -0.00067180744, -0.00013945668, 0.008878822, -0.0031922997, -0.007777145, -0.007852798, -0.0006371702, 0.0120758815, 0.01223001, 404.71405, 5.8869557, 2.8326616, 4.0219564, -3.0288804, 4.952276, 2.671121, 5.72234, 3.644367, -2.0638747, -1.0398276, 3.8787029, -1.0507551, -3.150535, -2.1353273, -1.2061856, 4.7237277, 6.1005177, 4.6820445, -3.1219146, 3.6973011, 0.83332807, 1.0394759, 4.820611, 3.7336812, 2.828818, -1.9946533, 5.8095126, 4.474417, 5.88259, -0.16757797, 5.509687, -1.3072897, -2.9590347, -3.064386
-0.0024630541, 0.009804749, 0.004897134, 0.004745331, 0.0023660173, 0.002350844, 0.0024575088, -0.00014584401, 0.004748513, -0.0048946226, -0.00020233265, -0.007362186, 0.014893094, -6.641014e-06, 0.0098080635, -0.0025227165, -0.00530889, 0.014445373, 0.0147760175, -0.0072935596, 0.012136071, 0.009348938, 0.012323082, -0.007363873, 0.0066943495, 0.014567211, -0.0057861, -0.00043636744, 0.009351299, 0.0066486676, 0.006619105, -0.0026786653, -0.0007131093, -0.0022316736, 0.007674191, 0.014151698, 406.81064, 2.985792, -2.220267, 0.94936407, -1.4096818, -0.38651806, 0.6729497, 4.8356605, -1.1611395, 5.032381, -1.1202639, 5.948082, 1.9202121, 1.930518, -0.17618328, 0.6863922, 3.8422294, -2.2172635, 0.004041016, 1.7966211, 3.8295772, 4.8249145, 4.7290773, -3.1671927, -3.0900872, 4.9972873, 4.708241, -0.39963678, 0.90263623, -2.1862829, 0.79191816, 3.5856566, 5.1657166, 5.8260236
0.009852217, 0.012129462, 0.0047947974, -0.00011211324, 0.007409949, 0.0048685186, 0.0024485122, 0.012200865, 0.0070685646, -6.1849685e-05, 0.014619588, 0.00964498, 0.0071628937, 0.011955885, 0.0071804035, 0.0069363574, 0.009251308, -0.007825964, 0.01204497, 0.009560082, 0.006706432, 0.007010043, 0.004005416, 0.009413958, -0.007929609, -0.005493224, -0.0033362564, 0.0019883916, 0.011449657, -0.0059073633, 0.0135541335, -0.0008828616, 0.0040534036, -0.002771579, 0.0012762811, -0.007849452, 0.012340384, 402.8387, 4.8341384, 1.8700039, 3.9483814, 4.815182, 5.0270114, 2.4406946, 3.993896, -3.3584611, -0.15980741, -1.261327, -1.3382607, 5.8787937, -3.1794858, -1.075273, -0.24327488, 3.5980973, 2.538443, 3.5105922, -3.165269, 0.82096654, 4.7572055, 3.934506, -1.0942491, 4.732427, -2.4102523, -0.39172414, 4.8004193, -2.1467323, 1.7801291, 4.709442, 0.4856972, 3.5266569
0.014778325, 0.01208128, -0.005094775, 0.01231375, -6.530126e-05, -0.002425032, -0.0047415597, 0.00972064, 0.01471226, -0.00752936, 0.004551386, 0.0025453474, 2.4291936e-05, -0.0054070465, -0.007489913, 0.012086089, 0.004884583, 0.012315467, 0.011793637, 0.0072363727, -0.007856633, 0.00018165157, 0.006891414, -0.0050043412, 0.0020968998, 0.009846173, 0.0067500775, 0.012069908, 0.0118270125, 0.0049480796, 0.011469641, 0.00995459, 0.011674917, -0.0007362767, 0.014450116, -0.0029094706, -0.0026921886, 0.0067399675, 407.833, 4.952255, 5.8827343, 4.823523, -1.4695153, 5.897172, -2.1117592, -1.1904113, 4.582321, 2.7999473, -0.49008182, -2.2768707, -2.2644842, 1.8415991, -3.257895, -1.2711463, 5.6618237, 4.888004, 2.9287555, -3.192998, 0.815982, 4.125429, -2.206247, 4.784976, -0.9994581, -1.4904209, 1.6508951, -3.1459377, 1.6245799, -1.4291942, -2.0500321, 4.6039844
0.0049261083, -0.0024933452, -0.007414309, 0.012407391, 4.272278e-07, -1.12338275e-05, 0.01258413, 0.012350838, 0.009609972, 0.002074049, 0.014737294, 0.014791436, 0.0071264794, 0.00701357, -0.005147968, -0.0005453411, -0.00017041099, 0.00511106, 0.012031561, 0.0017218586, 0.012116257, 0.00486243, 0.01188773, 0.009785308, -0.0051203133, 0.014239131, 0.009066053, 0.012230376, 0.0065773553, 0.009471817, -0.0064212037, 0.0042355102, 0.0014139551, 0.011351409, -0.0003652267, -0.0077889673, 0.009289907, 0.0022883264, 0.0069594076, 401.8332, 3.7683477, 3.7852023, 5.6822042, 0.6340507, 2.6942003, -2.1767333, 5.8125033, -0.108451836, 5.693831, 5.7048783, 2.7452235, -3.2505875, -0.21443531, -1.1303955, 1.7245483, 5.5953507, 0.93567014, 0.7862468, 4.4911227, -2.1080215, -2.0957882, -0.37372077, 3.7003977, -2.4581542, 0.7308031, -2.317947, 0.7257924, 0.616891, -3.2879484, 0.5647298
0.009852217, -0.002541526, 0.002402925, 0.014738048, 0.0024765912, -8.8548615e-05, 0.002606235, 0.009610692, -0.0075408057, -0.0050069313, -0.0004313922, -0.0074424604, -0.0075012133, 0.0023867677, 0.014809658, -0.0073313033, 0.009573916, 0.0024121956, -0.005266831, -0.00019803004, 0.014628755, 0.014458321, -0.00023942605, -0.00020332918, -0.007641615, -0.0055601923, 0.009775683, 0.011956086, -0.0052007143, 0.0022945185, -0.002848844, -0.005210193, 0.014567736, 0.0018769855, -0.0078235315, 0.014172441, -0.005522221, 0.012679473, 0.006962968, 0.0081138555, 407.7325, 5.6325436, -1.3808224, -1.2191803, -3.2528462, -0.05536721, 0.7711596, 1.9915771, -1.1620086, -1.1305571, -1.2277199, 0.8924615, -0.05596216, -1.1687554, 0.78093547, -1.2777047, -2.1277592, -0.89740694, 0.6138708, -0.20364076, -1.781698, 1.7792363, -3.2353845, 5.8272276, -1.2238353, -1.0740559, -3.3199835, 0.82777995, 3.9116297, 5.876904
0.0073891627, -0.007407765, 0.004908187, 0.012273877, 0.0074823997, 0.009656341, 0.0023838396, -0.007847772, 0.0048873685, -6.051605e-05, -0.0076686484, 0.0071264855, 0.0048314044, 0.012172479, 0.007314514, -0.00037325738, 0.0018559322, -0.0026308354, 0.0025082263, 0.012399679, -0.0024778624, -0.00053339143, -0.0022959937, 0.0122801745, -0.002649386, -0.0006705926, 0.011876502, 0.009630597, 0.009516114, 0.014841778, 0.0041772868, 0.01222925, -0.0032714934, 0.0019709242, 0.0044254297, 0.012047259, -0.0056782733, 0.0141102355, -0.0055757873, 1.5111946e-05, 0.0144447265, 409.73, 0.438038, -1.3336582, -1.1000621, 2.6281314, -2.0671978, -2.0628815, 1.8200132, -0.40789843, 0.080726534, -3.2886999, -3.4056554, 3.7530277, -2.1765914, 1.7804856, -1.013063, -2.0840633, 1.7959652, -0.2092206, -0.17705412, -1.2602768, -0.17270458, 4.6360574, 4.687022, 1.7664236, -2.2301755, 0.6390674, 4.747981, -2.343004
0, 0.0024451646, 0.014768192, 0.004666073, 0.007384449, -0.0050689215, 0.0099573005, 0.01213933, -0.005306665, -0.0025272118, -0.0053527257, 0.012123699, 0.0048098536, 0.012261548, 0.00024750413, -0.0028081036, 0.0046612276, -3.2060634e-05, -0.0026228735, 0.0020748612, 0.012303591, 0.0145025775, 0.0019449099, 0.0024347464, 0.0023360641, 0.013910752, -0.0029013066, -0.0048614494, 0.0041030194, -0.0006922607, -0.0057037105, -0.00039739648, -0.0030383666, 0.0024437006, 0.014559225, -0.007999056, -0.0023013793, -0.0050945953, -0.00079685886, 0.009035864, -0.0028105571, 0.0044866037, 401.00824, 0.74995786, 1.7734692, -0.013969599, 1.9889363, 6.145884, 4.148575, -3.152427, 0.83257365, 0.9012166, 5.191517, 3.8264625, -3.0092297, 0.7425629, -1.162791, -1.1605774, 3.7065372, 5.9312325, -0.9202874, 2.0594013, 0.64923537, -0.2838324, -2.7523668, -3.3148296, 0.8784938, -0.2891827, -2.1069293, -0.036436535
0, 0.004890329, 0.0024395247, 0.002378925, 0.014872382, 0.009675139, 0.004734438, -0.0077100876, -0.0077215745, -0.002363552, 0.004883283, -0.0025873221, 0.014668774, -0.005020868, 0.0049258736, 0.012219809, -0.0053973785, -0.0003921118, 0.0148991905, 0.0052593183, 0.0076940763, 0.0047141076, 0.014640471, -0.007597021, -0.0057424586, -0.00500128, -0.0054110656, -0.005090189, -0.0057010227, 0.011686809, 0.0043199165, 0.0048988136, -0.0026719065, 0.01224078, 0.00695571, -0.0031966614, 0.011930422, 0.004988713, 0.014732062, 0.014853985, 0.0068180272, -0.008534671, -0.0056307884, 400.60248, 1.9170061, 4.080702, 4.8538213, 2.895174, 5.5791254, 2.9346192, -2.0552495, 2.7409322, -2.9148235, -2.0624068, 3.7750866, 0.534205, -0.028288547, 1.8818531, -1.3327032, 4.9032655, -1.2112621, 5.5619793, -0.2300509, -3.1356514, 4.887243, -1.8113868, 5.8330584, 3.669729, -3.0570245, 3.5860212
0.0073891627, 0.012153552, 0.0072762333, 0.014545447, -0.007608715, 0.0072476715, -0.0023692339, 0.007146967, 0.014758067, -0.0025294074, 0.014451184, 0.005033519, 0.009880922, 0.011801491, -0.0004686217, -0.0027203474, 0.0018186884, -0.00020176725, -0.0026009383, 0.0070730126, 0.0040592826, 0.01438896, -0.0004416991, 0.014514167, 0.0020120286, -0.00047429703, -0.0059574735, -0.0058993986, 0.0021045192, -0.0007537258, -0.0010473871, -0.0078011006, -0.00032223854, -0.00039467798, 0.014494266, 0.004632148, 0.007312415, -0.0054783076, -0.0006782309, 0.0042754943, 0.011998395, -0.00070689904, 0.01496425, -0.006036863, 404.05505, 0.8215319, 1.8269746, 4.8495097, 3.868507, 2.1032574, -2.2140474, 4.984333, 0.71589196, 5.75534, -0.13607611, 0.6598047, 0.8504836, 0.900271, -3.288012, 1.9620789, 0.8827556, -1.0290145, -3.2117, -2.410599, 2.8169863, -1.2696471, -2.2524905, 0.71886, 1.8487082, -3.2103465
0.0073891627, 0.014598716, 0.014654371, 0.009516316, 0.0048184018, 0.014506552, 0.0023638918, 0.009452221, 0.014458522, 0.012183105, -0.003028307, -0.0030278983, -0.00014753769, 0.002409838, 0.0044964976, 0.007320587, 0.01393586, 0.014219125, 0.0069191772, -1.5929912e-05, -0.0030740486, 0.0040568816, -0.00072478334, -0.00055169436, 0.0020199658, -0.0028671545, 0.003933543, -0.0005043547, 0.013992251, 0.002042289, 0.009096113, -0.005404928, -0.008376877, -2.2940012e-05, -0.008063767, 0.011617588, 0.0045162668, -0.008489038, 0.0019797646, -0.007482112, -0.007624233, 0.0043317904, 0.011699478, 0.0010708388, 0.014406446, 409.71545, 4.6748257, 3.491427, -3.4285386, 1.7950652, 2.7268534, 5.726211, -3.2479005, -0.62997186, -2.243917, -1.152247, -0.6097655, 2.0164788, -3.0095873, -1.3322873, -1.21375, -0.16445655, 5.5479555, 0.59992903, 4.755828, -3.1724591, 2.558481, 0.70792794, -2.946406, 5.8139625
0, 0.009780658, 0.0073424, 0.0022704124, -0.005079014, 0.009733803, 0.009921658, -0.0025411972, -0.0026503277, 0.0048296014, 0.007256919, -0.0049790307, 0.0024126794, 0.0048292307, -0.0004576222, -0.004588872, -0.0076971753, 0.014671051, 0.00740251, 0.0021980628, 0.009763986, 0.0018629191, 0.009470613, 0.007130011, 0.01417979, 0.009587478, 0.009029463, 0.009644108, 0.0119654145, 0.014233517, 0.0112600215, -0.0026854342, -0.0058715357, 0.0075475494, -0.00019723066, 0.00924583, -0.0030275546, -0.0077709304, -0.0003425923, -0.00035905986, 0.013938742, -0.008007403, 0.0013933732, -0.003199533, 0.009095906, 0.01204885, 403.6532, 1.7971632, 4.9000025, -3.3531444, -1.388205, 4.43074, 2.7321358, 4.698442, 2.974804, -3.0967505, 0.8090092, 0.061338324, 2.0622306, 3.7469652, 3.8191042, 1.8081974, -3.3500774, 4.624519, -3.1646256, -2.2040882, -0.21847613, 3.6129355, 5.1435485, 0.82432675
0.014778325, 0.009636117, 0.004770541, -6.918221e-05, -0.0049862303, 6.0674352e-05, 0.0076533705, -3.3447854e-05, -0.0075079175, 0.0022672678, 0.009652734, 0.0123190675, 0.012075566, 0.014184074, 0.00965911, 0.002300442, 0.0019656578, 0.014594564, -0.0028110906, 0.0019061366, 0.012078431, 0.0021781283, -0.0057890187, -0.0005060981, 0.011673778, 0.0046328497, 0.0091743665, 0.012207156, 0.006899475, 0.004395511, -0.0010335437, -0.0028569174, 0.0016421211, -0.00529757, 0.012225462, -0.008123002, -0.002696763, 0.009727184, 0.0037931807, -0.008027289, -0.0012112596, 0.011934361, 0.009128021, 0.0045485096, 0.011563442, 0.0014638325, 0.0017998547, 401.75116, -1.1614008, -3.3338888, -1.1442869, 1.7415448, 2.052535, 2.6366668, -0.20598932, 3.6582792, 5.9525476, 3.9985743, -0.031758875, 5.7326055, 4.096639, -3.1468132, -2.1138387, 2.4611719, 0.76296526, 5.5404515, -3.136445, -1.4755895, -1.3237826, -1.1146618
0.0123152705, -0.002565616, -0.0025418613, 0.007470074, -0.004925825, 0.012274379, 0.0025196655, -0.0026085977, 0.012409739, 0.009597348, -0.005126782, -0.0077382536, 0.004759709, 0.012317434, -0.00040149048, -0.004932442, 0.014095538, -0.0053454684, -0.004970678, 0.014841246, 0.0067952927, 0.0067573, -0.0024504217, 0.0047488296, 0.014768398, 0.0020668553, -0.003270858, 0.014482946, 0.004408603, 0.009345156, -0.0006997214, -0.0054383227, 0.011692896, 0.007002277, 0.002144003, -0.00018866775, -0.005322196, -0.0027095934, 0.004393251, 0.009951035, 0.009521779, -0.000934822, -0.008947243, 0.0069379644, 0.0093458565, 0.008931347, 0.008893493, -0.005443622, 409.72235, 4.638938, -1.2064891, 2.704454, 4.9078298, 0.01154395, -1.442517, -0.22316712, 3.7993667, 5.975618, 1.9626874, -0.10920541, 3.9398363, 2.9001288, 2.8867977, 4.6224546, 3.6825862, 0.8402204, 4.777969, 4.5754204, 1.9902198, 4.630619
0.0024630541, -0.007359584, 0.012334408, 0.002335452, 0.0050001666, 0.012106602, 0.004765772, -0.0027742283, 0.004858173, -0.0048390804, -0.00012379063, 0.004654119, 0.0024050542, 0.004931707, -0.0049211713, 0.012147344, -0.002729771, 0.0024968504, 0.0125594055, -0.0048357206, 0.015268809, 0.007034276, -0.007426172, -0.007501478, -0.00084358145, 0.0023301397, -0.0077868397, -0.005017964, -0.007983161, 0.0019633959, 0.0044325595, -0.00013741548, 0.0021780385, 0.014428208, 0.0072159627, 0.0069008474, 0.0070365877, 0.0022371425, 0.00439419, 0.009809535, 0.012298581, -0.0086924005, -0.008092174, 0.0095873345, -0.002360901, -0.0071342117, 0.004500268, 0.0074159307, -0.0027408425, 406.9487, -1.992783, -1.2663116, 3.055122, 1.847357, 2.0662847, 2.6620183, 1.9353931, 0.92567825, 1.6968052, 3.695517, -0.11614357, -1.9649646, 1.8240668, 5.6815114, 3.027763, 2.8179572, -1.3680702, 5.57386, -1.9191834, 4.7721877
0.009852217, -0.002541526, 0.012256328, -0.000113849055, -0.0074260766, -0.007342357, 0.012673224, 0.004950424, 0.014772824, 0.004537893, 0.0047945715, -0.0076288157, 0.012217939, -0.007428383, -0.0023725345, -0.0023916503, -0.0026934678, -0.0001710164, -0.0073458916, 0.014679861, 0.012000576, -0.0077339965, 0.011603381, 0.014859431, 0.0077352123, 0.00010059922, 0.0068548545, 0.0071152593, -0.008232297, -0.007954358, 0.009092921, 0.0019961018, 0.013968326, -0.005450964, 0.010026744, 0.009881191, 0.011923253, 0.0019774602, 0.0025326863, 0.0023166498, 0.011859788, -0.00090003654, -0.0061442656, 0.01426896, 0.014690436, -0.0009071576, -0.0031699382, 2.9701465e-05, -0.0029436706, -0.00034294507, 409.9344, 3.6417181, -2.1865563, 0.8798302, 5.6371684, 3.8258681, 4.724122, -2.265327, 0.869058, -3.3323908, -2.9617622, -2.08111, -2.895999, 2.8216786, 3.4574845, 2.922325, -0.06644042, -0.5332516, 1.6260917, 4.587916
-0.0073891627, 0.014743259, -0.0049439264, 0.0023788882, -0.00014658703, 0.0073191184, -0.0025792476, 0.009942643, -0.0026892414, 0.009880105, -0.005109843, 0.009800547, 0.0048370683, -5.8224552e-05, 0.004707484, 0.012073835, 0.0072571714, 0.0071648657, 0.0068649272, 0.009689694, 0.014363739, 0.012179793, 0.0019449642, 0.0120391585, -0.0001368599, 0.001955029, 0.007091017, -0.007479372, 0.014240013, 0.002086147, -0.008315708, -0.0053369263, -0.0033262088, 0.014942262, -0.0059251455, 0.0023415945, 0.0096893925, 0.009441041, 0.007206074, 0.004449083, -0.005641782, -0.0056898985, 0.0067819646, 0.0031130367, 0.0014320952, 0.0070115034, 0.006181227, 0.014189299, 0.014036526, 0.0018291911, 0.009328174, 409.53232, -0.09103351, -0.51646966, -2.2974813, -1.552727, -2.3846183, 4.8036942, -3.2861216, 4.59811, -0.31692514, 5.644802, 0.6879709, 3.637303, -1.2861407, 5.917348, -3.4580147, -3.3598754, 4.004435, 5.6789417
-0.0073891627, -0.0072632227, 0.007480046, -0.0049951193, 0.0049991948, -0.0025238276, -0.002630612, -0.0025239184, -0.007353668, 0.00018347688, 0.012633521, -0.0048674988, 0.014748305, -0.007283735, 0.015048076, 0.004801344, -0.0027816682, -0.007549924, 0.0052134213, -0.0021499638, 0.0075345007, 0.0074207014, 0.009785271, 0.002393012, 0.012022931, 0.0023044583, -0.005011878, 0.006973766, -0.0075782305, -0.0035055175, 0.0043992004, 0.0023628036, 0.01226989, 0.00019215005, -0.007347937, 0.014600568, -0.0028209367, -0.0020612879, 0.009823431, -0.0071370327, -0.007947909, -0.0009565024, -0.005259401, -0.002886353, 0.002488565, -0.0049135583, 0.002653193, -0.004431959, 0.014575306, 0.005115518, 0.012460778, 0.011519751, 402.86923, 0.90226233, 3.9287798, 2.665266, 5.00778, -1.1093667, 3.7351978, 5.660584, 1.8298488, -2.169595, -3.0546746, 3.7124333, 2.6842186, 1.8873264, -0.88935363, 4.767981, 5.6536503, -2.1882875
0.009852217, -9.636117e-05, 0.007317713, 0.014647429, 0.014885438, -0.0050736084, 0.002536673, 0.0019816342, 0.004669635, 0.0047100647, 0.007117367, 0.004711031, -0.00016916062, 0.014499603, 0.014673536, -0.0029678915, 0.013875597, 0.01216531, 0.0021588558, -0.007637598, -0.0051665353, 0.006919676, -0.0029001667, 0.0020064001, 0.0069405762, -0.0055863536, -0.007951029, 0.014351834, -0.007734262, -0.0031445178, 0.0019158307, 0.014289792, 0.0068435143, -0.008224586, -0.0024726256, 0.008814968, 0.0019788067, 0.0073082233, 0.008965668, -0.007688915, 0.0066672456, 0.0041038976, -0.00057355117, 0.014337787, 0.0145692555, 0.0014651834, 0.009611027, 0.011904051, 0.0017704057, -0.0054089315, 0.0051730857, -0.0030617514, -0.0051611704, 402.85303, -1.3382125, 0.5438291, 1.7586472, 1.8337574, -0.18970475, -2.3533485, -2.0546129, -3.3124862, -1.1294687, -2.4481008, -2.2975397, 0.74654603, 0.8692043, 1.5366828, -1.3331006, 5.4895673
0.0049261083, 0.007287313, -0.0025352596, 0.009812021, -0.0075359927, 0.014678395, 0.009978906, -0.007512342, -0.0075129536, -0.000118876924, 0.0022233631, 0.009962124, 0.00236701, 0.009410102, 0.014263996, -0.007317278, 0.011936145, 0.006934294, -0.00028587482, -0.0054024607, 0.007151343, -0.008014209, -0.0050135492, -0.0028992442, -0.0026389672, 0.004302055, -0.0005045101, 0.014535808, -0.0026453978, 0.0027171161, -0.005276438, 0.009689835, -0.00041776107, -0.008024477, 0.004865209, -0.0027936196, 0.014604341, 0.014578924, -0.008318853, -0.00011203505, 0.0066023287, 0.009817821, 0.009101623, 0.0049625766, 0.0020346297, -0.00073771644, 0.0122073265, -0.00093088055, -0.007917223, 0.0019761783, -0.002608518, 0.004824706, -0.005050789, -0.0024520238, 401.97345, -2.109533, 5.971416, 3.8456986, -0.1416389, -0.91299057, 4.101156, -0.32341483, -2.1561646, 0.7479606, -2.9727452, -0.257244, -2.8822074, 2.6914194, 3.7208292, -0.25486967
0.0123152705, 0.0047698775, -0.007504302, 0.0074891234, 0.004983078, 0.012263867, -4.3277785e-05, 0.009727598, 0.009670539, 0.0023321642, 0.004718142, 0.0145354085, 0.01200797, 0.004513218, 0.009668814, 0.014116893, -0.0053426223, 0.014658801, 0.004440371, 0.007048395, 0.009470146, 0.01220466, 0.009256682, -0.007797309, -0.0031976514, -0.00019655078, 0.004228076, 0.0045161927, -0.0032398154, 0.009689899, -0.0036795135, -0.0051893177, -0.0057335333, 0.0016925343, 0.014249553, -0.0031086127, -0.0006085693, -0.00015510114, 0.006829101, -6.614672e-05, -0.00821838, 0.004251141, -0.0058704554, 0.01396221, 0.0041983887, 0.006650977, 0.001778563, -0.005658497, 0.006085004, 0.009054772, 0.014205529, 0.009051468, -0.002095058, 0.009171323, 0.011280752, 403.62738, 3.6871595, 0.65043944, 5.7854753, 5.7559004, 3.9111555, 5.8637466, 0.78901434, 3.497259, 1.4531193, -3.4175823, 4.493426, 1.528846, -0.167955, 0.38569885
0.014778325, -0.005034871, -8.468223e-05, -0.0023401733, 0.010074531, 0.0024877328, -0.0075287446, 0.014680467, 0.014762178, 0.0024260096, -0.0025968687, -0.0005254115, 0.004661676, 0.012419971, 0.00018026488, 0.014185363, 0.009349306, -0.0050261756, 0.014591702, 0.010033202, 0.009488026, 0.004752414, 0.0069122375, 0.007334906, -0.0077260085, -0.00518599, 0.0019448164, -0.0026457487, 0.0139263775, 0.013985701, 0.011317216, 0.0064797625, -0.008706243, 0.0046290127, -0.0059306794, 0.0021607804, 0.0069762645, 0.009587821, 0.012060697, 0.009986053, 0.014479206, 0.00886124, -0.008106015, -0.003943227, 0.010001488, 0.008855124, 0.0143374195, 0.011601349, -0.008288737, -0.00043401893, 0.002513862, -0.007972186, 0.0018330298, 0.013384718, 0.0034444178, 0.008790849, 406.70752, -2.0475383, 5.558764, 5.6377215, 5.8004146, 3.9171133, -1.2267559, -0.52978003, -0.43426672, -0.90625083, -1.3920287, -3.2854786, 1.6011115, 5.382649
0.0123152705, 0.012105372, 0.009703414, -0.002623395, -0.005016865, -0.0048597883, 0.0026889795, -0.0074888603, 1.7108146e-05, 0.014517954, 0.009778926, 0.004836295, -0.00749766, 0.011876974, 0.009387558, 0.0026059274, 0.0019858663, -9.171024e-05, 0.012040201, -0.007487122, 4.879286e-05, -0.0005555785, 0.0016893968, 0.009406547, -0.00032337662, 0.011888091, 0.0069358167, -0.0049608108, -0.0054403017, 0.0021485703, 0.008820671, 0.004522617, -0.005637118, 0.007794048, 0.0068575456, 0.011972259, 0.014629881, -0.0034038404, -0.008209015, -0.005753487, 0.0045400714, -0.00274036, -0.0029894933, -0.0033744033, 0.0047720093, -0.007787751, 0.00712274, 0.007381264, 0.007249564, 0.0073836623, 0.009828932, 0.004336438, 0.0065946253, 0.014220807, 0.0022811415, 0.0043937345, 0.0039793085, 407.65756, -2.0741491, -0.26658553, -1.1862968, -1.0342003, -1.1486222, -0.42854697, 6.040943, -0.3014732, 1.9553037, 3.612799, -0.41925722, -3.5115309
0.0123152705, -0.0074559455, -0.004981386, 0.005091149, -0.007358968, 0.0074309306, -0.002400883, -0.0025155176, 0.010114382, 0.01451673, -0.007483725, 0.0046162116, -0.0075852554, 0.014698514, -0.0028255908, -0.0025784152, 0.014411609, -0.0024741204, 0.009588469, 0.012224464, -0.005211686, 0.006978805, 0.009863204, 0.0048044524, 0.0075413664, -0.005518669, 0.009393793, 0.0075261043, 0.0145604005, -0.0028133127, 0.014243192, 0.004402579, 0.0041655083, 0.0050583547, -0.0035630036, 2.7997778e-05, -0.00768852, -0.007916621, -0.0029301832, 0.004901753, 0.010234499, -0.0077915927, -0.00066296494, 0.009279602, 0.014121628, 0.011164418, -0.008492645, -0.00829062, -0.00026216178, 0.013324551, 0.0044541955, 0.014099993, -0.0034483448, -0.00015177847, 0.01401374, -0.004918198, 0.0142029, -0.0005059319, 410.10635, 3.704142, 2.9799957, 0.8156729, 4.8814273, -2.1776237, -3.2289698, 6.0417776, 2.887715, 5.7976685, 3.7698524, -2.5988185
0.0123152705, -0.005010781, -6.6597495e-05, 0.0074516027, -0.0024258432, -0.0024271419, 0.015138074, 0.014831681, 0.0022421062, 0.011811761, 0.014677844, -0.0076641273, -0.0053172256, 0.014753921, -0.0028084258, -0.002466975, -0.0077397535, 0.010327949, -0.00016937914, -0.00061249494, 0.012248741, -0.00034050865, -0.008058666, 0.0023488384, 0.009505479, 0.0026551979, 0.011994854, -1.4583327e-05, 0.012113759, -0.0028430976, 0.0019023312, 0.01446396, 0.013671088, 0.011322672, 0.00031542132, -0.0007289947, 0.014748788, -0.0053322003, -0.0077099246, 0.0048827906, 0.0096943695, -0.0006666103, -0.0059290477, 0.009173173, -0.0004022839, -0.0031439115, -0.0055478285, 0.00011144554, -0.0027825565, 0.0062006223, 0.008936263, 0.008893747, 0.0068627773, 0.0002606233, -0.008176961, 0.01206365, 0.014292824, 0.009795952, -0.0028447965, 405.74588, 1.0876124, 5.806096, 2.6817567, 2.3134336, -1.2726762, 3.7171643, -0.43690008, -2.4067774, 5.7865257, 3.5616307
-0.0024630541, -0.004866239, 0.0098953135, 0.004779959, 0.00992671, 0.002278333, -0.007643228, 0.0070951423, -5.983389e-05, 0.0050764303, 0.012358625, 0.014652707, 0.004761881, 0.0047416114, 0.009925526, 0.0067870347, 0.0043851766, 0.0074616354, -0.0075292704, -0.0026788127, 0.007272202, -0.0049152924, 0.0018418018, -0.005465456, 0.009613277, 0.0022426387, 0.004854131, 0.004706643, -0.0051220194, 0.0044908645, -0.00048095232, 0.002350952, 0.0044671437, 0.0069877477, 0.012177122, 0.0019818118, 0.009726191, 0.0021924688, 0.0018541615, 0.006984297, -0.0057808664, 0.011483538, 0.0065312106, 0.009310186, 0.001824488, 0.006698068, 0.009444146, 0.0023284242, 0.004053186, 0.014288469, 0.0050919773, -0.008048682, -0.002514588, -0.0005824579, 0.012278136, 0.011610362, 0.008970919, 0.00901441, 0.0035208182, 0.013683325, 400.80652, -2.12587, 4.6950216, 1.4910828, -0.38677412, 0.7089915, 4.6885877, 0.50191814, 0.6864659, -1.2826644
0.0073891627, 0.014598716, 0.002337618, -0.00010616129, 0.009873244, 0.012198683, 0.0023254699, 0.009697397, -0.0004060135, 0.012237134, 0.012168663, 0.009483004, -0.0077273916, -0.005233119, -0.005318648, -0.0024367329, 0.0070939716, 0.004545076, -0.0054259854, -0.0053180745, 0.004726404, -0.002589584, 0.004060207, -0.0034014443, -0.002829484, 0.011987978, 0.0044957977, 0.00011966504, 0.004280879, 0.0022941362, 0.009356407, 0.009677692, -0.00043931184, 0.002105714, 0.0144561855, -0.005391342, 0.00042332534, 0.014171044, -0.0033269257, -0.0031154428, -0.0030345183, 0.0143070975, 0.011709908, -0.0005697978, 0.0018817218, 0.0001600542, -0.00054681755, 0.014547427, 0.009332405, 0.0044203247, 0.0067904233, -0.005316615, 0.012171529, 0.008923345, 0.009734191, 0.014557889, 0.0013593415, -0.00065387244, 0.0113360435, 0.011683264, 0.011857886, 409.8962, -1.3467218, -0.5124603, 2.973869, -3.3371098, 2.6001785, 0.63902336, 5.8603773, 5.755533
-0.0073891627, -0.0023728937, 0.014846272, 0.009566448, -0.00010427143, -0.0026604559, 0.0074657635, 0.014649518, -0.005166291, 0.0024163031, 0.004666607, -0.004995536, 0.009774291, 0.012504305, -0.0073410487, -0.0050279596, 0.009323394, 0.007492564, -0.0048657665, 0.0045641526, -0.0003921982, 0.0046902723, 0.0070510935, 9.226146e-05, 0.0148877585, 0.0021381995, -0.0030947453, 0.00963709, 0.011979632, -0.0034593707, 0.0045203646, -0.00042594352, 0.009358143, 0.0023640136, 0.012243456, 0.013994755, -0.0050351424, 0.0024083382, 0.011474054, -0.008110465, 0.013896014, -0.00096035714, 0.009473047, -0.0056689964, 0.012064972, 0.004828836, 0.012000526, 0.00978147, 0.0125793815, 0.0070628747, 0.0021895918, -0.0036886963, 0.006603812, -0.0006909545, -0.0003747718, 0.01171471, 0.011225717, 0.004729619, 0.0035503197, -0.008921224, 0.011732639, 0.0071332944, 402.80667, 1.2025927, 4.7220707, 0.9642009, 5.708769, -0.5530167, -0.231257, -3.1423457
0.0123152705, -0.0074559455, 0.014725421, -0.0050040563, 0.0025924467, 0.014647167, 0.014764977, 0.0047669346, -0.005150581, -0.004948456, 0.012221514, -0.007812578, 0.0021466836, -0.007376134, 4.211225e-05, -0.007011263, -0.0026786667, -0.0027993917, 0.0075567113, 0.01456862, 0.0024734077, -0.005383098, -0.0004344131, -0.00031234455, 0.0042511737, 0.01205422, 0.0042362968, 0.012211138, -0.0032556278, 0.011972374, -0.003008676, 0.0048463475, 0.00439531, 0.0069419607, -0.004880505, -0.005025393, 0.009444926, 0.009893862, -0.0074964087, 0.013097527, 0.01440926, 0.009190265, -0.006239037, -0.0026608575, -0.0026053085, -0.004929347, -0.0073249806, 0.0097669065, 0.0063560503, 0.003923577, 0.011731663, 0.01172802, 0.012465839, 0.009608271, -0.00034716516, -0.007941789, -0.0031234035, 0.0069044298, 0.0142766535, 0.010212615, 0.0023517846, -0.0007227363, 0.008995089, 408.52048, -3.3995912, 1.4530146, 6.055113, 2.5884259, 1.446659, -2.244205
0, 0.0122258235, -0.0074496176, 0.0024707024, -0.0025728685, 0.0024941892, 5.629069e-05, -0.007368989, -4.316456e-05, 0.00484016, 0.01494415, 0.012594448, -1.20938475e-05, -0.0029903196, -0.000447693, -0.002474459, 0.0073083844, 0.009638057, 0.0021814106, -0.0077695902, 0.009738787, 3.5429686e-05, 0.011921428, 0.009233975, 0.004680128, 0.009422963, 0.0068833074, 0.014769567, -0.005203636, -0.0053463313, -0.00564122, 0.004558533, 0.0071036713, -0.0028635506, 0.009717756, 0.0024690984, 0.014620563, 0.0069793845, -0.007864706, 0.001983137, 0.009037524, 0.0069590444, -0.0033015609, 0.004741001, 0.0117718605, -0.0027187362, 0.014250803, 0.009661492, -0.0055640466, 0.0022627877, -0.005202527, -0.00043702047, -0.0004736736, 0.0020017915, 0.004959995, -0.008058477, -0.0048749577, 0.0016416807, 0.0020066854, -0.0075741075, -0.0027366925, 0.0069792015, 0.012919163, -0.007996781, 408.6974, -2.228476, -2.9204724, 5.582479, 3.731555, 0.85460085
0.009852217, -0.0049866904, 0.014731592, 0.009671975, -0.007462656, 0.009685164, 0.002519529, -0.00031832643, 0.01244921, 0.004786989, -0.0053074886, -0.0077381376, 0.012248522, -0.007426249, -0.004958272, -0.004787672, 0.001940679, -0.0028177125, 1.0216311e-05, -0.002186629, 0.0148064755, -0.0079673715, -0.004859522, 0.002441002, -0.0025277387, -0.007322967, 0.014461888, 0.014413869, 0.0044224127, 0.009702213, -0.007840241, 0.004442283, 0.0016692538, 0.009452288, 0.0026629223, 0.0071214247, -0.0080642635, 0.0041247956, 0.0072861384, 0.0003701565, -0.007667589, 0.009145619, 0.013752228, 0.007068162, 0.014783231, -0.00042230787, -0.0054034074, 0.0043454845, -0.008092727, 0.012101325, -0.007674777, 0.014153573, 0.007110477, 0.014130022, 0.002697549, 0.00467917, 0.009287926, 0.012443662, 0.01391091, 0.0008941238, -0.005427635, 0.014315066, 0.010150512, -0.007929104, 0.0062639993, 407.7768, 4.7141957, -0.31958306, 5.852676, 0.8703265
-0.0049261083, -0.0048421486, 0.0025233463, 0.009778679, 0.0049324967, -0.005027666, 0.014973112, 0.0048484155, -0.005245078, -0.00021935513, 0.012320147, 0.014897206, -0.0050549065, 0.012114849, 0.009721456, 0.014322937, 0.0047849366, 0.010259068, 0.0048002233, -0.003113786, -0.0072769797, 0.0048717097, 0.006796808, -8.4251245e-05, 0.0073544187, 0.014133157, 0.0020489942, 0.0073563005, -0.007765311, 0.0073398678, 0.0039054928, 0.00017144781, -0.0052214526, -0.005580511, -0.00768501, 0.014202183, -0.00055242045, 0.0026133617, 0.003942668, 0.009702909, 0.013833054, -0.0006208047, -0.008269904, 0.004574267, 0.001787748, -0.007550378, 0.014509015, -0.0046795276, 0.009180268, 0.011596121, -0.0021536234, -0.002797491, 0.006988332, -0.008121227, 0.0065329033, 0.011427784, 0.0042771334, 0.011866073, 0.011097814, 0.0013358904, 0.009263175, 0.0062993043, -0.0059978664, 0.0010985243, 0.0016998743, -0.0032256523, 406.87146, -3.7563756, -2.3961365, -2.3147206
0.014778325, 0.007190952, -0.0026075984, -0.00729542, -0.007401064, 0.0075152474, -0.004910477, 0.007541008, -0.002377393, -0.007280628, 0.012299042, 0.012381334, 0.014575863, 0.014270295, 0.007313135, -0.0002884631, -0.002706806, 0.0047372035, 0.0096177645, 0.011857215, 0.0018105266, -0.002494536, 0.014212736, 0.009596445, 0.001900248, 0.014282944, 0.0040279482, -0.0052944296, 0.006913849, 0.011743603, 0.013635427, 0.009448212, 0.013679597, 0.012336787, -0.0010655004, -0.0048050885, 0.0020852766, 0.007460123, 0.011891482, 0.001964708, 0.009053883, -0.0030945844, 0.014270062, 0.014008066, 0.0092867175, -0.0010294039, 0.0013354145, -0.0059261178, 0.008520036, 0.008920025, -0.002503501, 0.01361914, -0.0011076893, 0.0046381676, -0.0085345935, -0.005564667, 0.010387957, -0.0006021804, 0.014141501, -0.0058595915, -0.002971703, -0.005626349, -0.0058380794, 0.006522487, -0.006075801, 0.004275938, -0.000503756, 407.55017, 0.47303477, 4.4359593
0.0049261083, 0.0146228075, 0.012209106, 0.00954016, -0.0026514754, -0.0074595935, 0.00020955023, 0.0022327234, -0.000118140226, 0.007231999, 0.0045501445, -0.004894355, 0.012327045, -0.00030686022, 0.012190903, 0.012265418, 0.009138738, -0.00035341186, -0.0052464115, -0.0047340104, 0.00955255, 0.011996869, -0.0031846764, 0.0071381107, -0.0050395066, 0.014442076, -0.00057369226, 0.0141509995, -0.005854199, 0.009376172, 0.008349353, 0.014706017, 0.0042053545, -0.005497245, -0.00010303071, 0.0013517905, 0.0096574845, 0.0068585617, 0.011766966, 0.0021360663, -0.0058876304, 0.004010049, -0.0060629854, -0.008206419, 0.00481602, -0.000640424, 0.009188659, -0.00018156008, 0.009360268, 0.01211629, 0.002200904, -0.0028047087, 0.011975881, 0.009280406, 0.01391548, 0.013637379, 0.013718411, 0.007144332, 0.013162093, 0.008774962, 0.0065869074, 0.013737644, -0.005676528, 0.010636074, 0.014403613, 0.0018183873, -0.00068902667, -0.004840638, 402.3375, -0.65776426
0.0024630541, -2.4090292e-05, -1.808473e-05, 0.012267888, 0.014878616, 0.009633537, 0.01477466, 0.012060747, 0.00683636, -0.007537692, -0.002848166, 0.0021361304, 0.009660409, -0.004896859, -0.0023559493, 0.0020968535, 0.009568205, 0.011922573, -0.00019984334, -0.005231622, 0.012214398, -0.0027191192, 0.0022833403, 0.009695447, 0.012066088, 0.014071231, 0.009062203, 0.0047180736, 0.009057287, -0.005483646, -0.007909771, 0.014408471, 0.0066168895, -0.008440174, 0.015135807, -0.005271859, 0.0049399594, 0.014155809, 0.0042538694, 0.014510396, 0.011348072, 0.011057395, 0.0059412993, -0.0058150874, -0.005394352, 0.009573231, -0.002823648, -0.0025215745, -0.000718941, -0.005964225, -0.0031935365, 0.014218361, 0.009808468, 0.002092083, 0.012171801, -0.008080709, -0.007768409, -0.002986106, 0.01150188, -0.0073649026, 0.014735312, 0.0068442766, -0.008061097, -0.0012412326, 0.009451917, 0.0039157756, 0.0045203334, 0.00076852005, -0.0005582084, 407.47946

